1305031453.359684 0.000000000 0.000000000 0.000000000 0.000000000 0.000000000 0.000000000 1.000000000
1305031453.391690 -0.000206830 0.000349690 -0.010823363 -0.002454065 0.007584603 0.011359158 0.999903679
1305031453.423683 0.002424962 0.005016294 -0.017863307 -0.000341321 0.012259888 0.021295978 0.999697983
1305031453.459685 0.011037922 0.009262165 -0.028193193 0.003505555 0.016441977 0.029889908 0.999411821
1305031453.491698 0.009631286 0.010563608 -0.040496595 0.006425465 0.025002722 0.038964160 0.998907089
1305031453.523684 0.010481873 0.015109876 -0.055126753 0.013085661 0.030179186 0.048005763 0.998305261
1305031453.559753 0.009311311 0.021809589 -0.065847017 0.020836046 0.033187743 0.054443933 0.997747600
1305031453.591640 0.008825857 0.028433612 -0.080703750 0.028464349 0.035992302 0.059050243 0.997199774
1305031453.627706 -0.001579330 0.031836342 -0.095603563 0.034651894 0.039695650 0.063337266 0.996600151
1305031453.659600 -0.014344320 0.040743850 -0.109799236 0.043292787 0.038927089 0.060967274 0.996440351
1305031453.691678 -0.016174741 0.052227706 -0.124850892 0.051054634 0.032436851 0.056395303 0.996574521
1305031453.727652 -0.028838450 0.058419369 -0.140825778 0.054480903 0.029524926 0.051724918 0.996737003
1305031453.759694 -0.050178953 0.061897505 -0.154797286 0.058010116 0.025363654 0.044204302 0.997014284
1305031453.791716 -0.049294692 0.075994037 -0.166438773 0.064463057 0.013190541 0.035865609 0.997188151
1305031453.827773 -0.072389148 0.079852685 -0.180483878 0.065803751 0.010768636 0.029352780 0.997342646
1305031453.859705 -0.089889899 0.088304266 -0.190687895 0.068267882 0.000589155 0.021808919 0.997428477
1305031453.891710 -0.106160611 0.102861479 -0.203342408 0.070306487 -0.013367864 0.014729789 0.997327089
1305031453.927723 -0.120584510 0.106038988 -0.208380893 0.066970184 -0.031245271 0.009965434 0.997215807
1305031453.959641 -0.110726550 0.117655642 -0.203445032 0.068213150 -0.054833338 0.003368240 0.996157050
1305031453.991624 -0.136219323 0.110508166 -0.212696299 0.062318429 -0.060301207 -0.010475732 0.996177912
1305031454.027662 -0.149976388 0.112767942 -0.219640225 0.064153329 -0.071291953 -0.020609366 0.995176911
1305031454.059654 -0.162469923 0.119175412 -0.221340284 0.065858848 -0.082596399 -0.032255400 0.993881285
1305031454.091651 -0.175466731 0.115603484 -0.227390379 0.064214282 -0.093659028 -0.045998529 0.992465973
1305031454.127701 -0.197489232 0.118460357 -0.229594901 0.067431591 -0.104362346 -0.059873160 0.990442693
1305031454.159672 -0.217627615 0.131022081 -0.230426759 0.070463546 -0.116350248 -0.073880121 0.987946987
1305031454.191658 -0.224680603 0.129537418 -0.232285485 0.066952035 -0.133715302 -0.088148177 0.984818518
1305031454.227671 -0.238937870 0.123439439 -0.224777997 0.066760771 -0.151422530 -0.105765559 0.980524302
1305031454.259627 -0.241501436 0.129380316 -0.224674612 0.073179953 -0.165557832 -0.121208034 0.975983560
1305031454.291639 -0.251047939 0.133503348 -0.230609655 0.071886748 -0.171567410 -0.134275749 0.973327816
1305031454.327699 -0.276215732 0.135143772 -0.223239154 0.073056698 -0.179448932 -0.150815532 0.969389260
1305031454.359636 -0.277252764 0.138656855 -0.238984376 0.078412272 -0.189377621 -0.164167911 0.964902341
1305031454.391677 -0.287026197 0.145937428 -0.242510676 0.080762155 -0.195521310 -0.176952958 0.961216152
1305031454.427465 -0.294452161 0.145080134 -0.250448078 0.080203831 -0.207339451 -0.191593662 0.955965221
1305031454.459913 -0.298252493 0.152819216 -0.240484804 0.085031234 -0.219195426 -0.208271056 0.949392557
1305031454.491617 -0.303186983 0.158725262 -0.243939027 0.086649619 -0.223555416 -0.223925337 0.944654584
1305031454.527700 -0.307202727 0.166212976 -0.244604006 0.086932965 -0.229909942 -0.240504548 0.939010978
1305031454.559575 -0.311123937 0.175789163 -0.251238823 0.084192798 -0.234151572 -0.252050877 0.935176432
1305031454.591635 -0.315769583 0.180194393 -0.254048109 0.080455855 -0.245122313 -0.268509328 0.928086579
1305031454.627580 -0.318777740 0.189419582 -0.251897871 0.080532238 -0.257917911 -0.282477230 0.920434415
1305031454.659528 -0.316744030 0.198942795 -0.263026834 0.075626925 -0.268505305 -0.290372610 0.915351987
1305031454.691884 -0.320943594 0.203861013 -0.262356013 0.067845836 -0.281846941 -0.297223121 0.909734905
1305031454.727659 -0.314539254 0.210936740 -0.247443303 0.066169985 -0.299124360 -0.302484989 0.902579069
1305031454.759732 -0.307901055 0.215900615 -0.239398390 0.059614073 -0.307884812 -0.296171159 0.902183890
1305031454.791641 -0.303483516 0.219403714 -0.237434447 0.053721681 -0.311568558 -0.288875252 0.903653741
1305031454.827570 -0.291245282 0.225968271 -0.252736658 0.048638638 -0.310912937 -0.281914055 0.906361878
1305031454.859620 -0.286951900 0.232260481 -0.250743747 0.042787109 -0.308481872 -0.274719626 0.909690797
1305031454.891764 -0.282985508 0.241246402 -0.249998480 0.039707351 -0.304051548 -0.267236173 0.913542986
1305031454.927567 -0.281048149 0.248406857 -0.252023846 0.035227690 -0.298073143 -0.260772526 0.917556047
1305031454.959648 -0.283136278 0.258706808 -0.257764310 0.032588318 -0.291010439 -0.255002379 0.921533883
1305031454.991937 -0.287139893 0.267143011 -0.264151871 0.029266588 -0.286398977 -0.248542994 0.924848914
1305031455.027799 -0.287864864 0.280271798 -0.266886383 0.030156869 -0.285636544 -0.245291322 0.925923586
1305031455.059636 -0.292638779 0.286456704 -0.270240664 0.028188333 -0.282154977 -0.243656307 0.927483439
1305031455.091700 -0.298469663 0.296067208 -0.275504440 0.030750604 -0.277824581 -0.243001729 0.928879976
1305031455.127695 -0.303734720 0.308977902 -0.278175980 0.032874431 -0.273299247 -0.241166621 0.930626392
1305031455.159720 -0.312882394 0.318006635 -0.287203133 0.031483769 -0.266725600 -0.237269670 0.933578789
1305031455.191655 -0.323679090 0.329612672 -0.290034652 0.029444905 -0.262448996 -0.231866986 0.936211109
1305031455.227581 -0.333147585 0.335640967 -0.294717461 0.028072016 -0.258600622 -0.225821212 0.938798428
1305031455.259631 -0.340153307 0.351909012 -0.299112529 0.027843157 -0.253546089 -0.218863562 0.941826880
1305031455.291831 -0.351762086 0.354770929 -0.303079277 0.018515263 -0.247383296 -0.210377514 0.945621490
1305031455.327766 -0.365998268 0.368121296 -0.310608268 0.014268606 -0.242764205 -0.198942050 0.949359775
1305031455.359630 -0.375041157 0.385003716 -0.317177743 0.010344254 -0.238857895 -0.192855537 0.951654673
1305031455.391665 -0.385532558 0.378816664 -0.311363876 -0.005499888 -0.234543025 -0.183728725 0.954569578
1305031455.427642 -0.401174814 0.384824663 -0.324266434 -0.010904218 -0.224060223 -0.175664082 0.958551109
1305031455.459589 -0.413293451 0.381662309 -0.329994291 -0.018759245 -0.220564336 -0.166363358 0.960896790
1305031455.491637 -0.427026421 0.388549328 -0.335856736 -0.022660900 -0.216371700 -0.154932678 0.963672996
1305031455.527610 -0.443824053 0.382617980 -0.348577589 -0.031029455 -0.210829958 -0.141393766 0.966744900
1305031455.559669 -0.462566286 0.385515034 -0.351525128 -0.033594638 -0.211725667 -0.126093462 0.968578398
1305031455.591645 -0.484423578 0.396523446 -0.367870301 -0.031031663 -0.207728565 -0.116106056 0.970775604
1305031455.627617 -0.499064744 0.392679691 -0.372943580 -0.037365112 -0.206373334 -0.103405505 0.972276270
1305031455.659615 -0.520443916 0.389956355 -0.389411569 -0.035200879 -0.200588778 -0.097133614 0.974212587
1305031455.691605 -0.537939072 0.395503253 -0.401630282 -0.028333891 -0.197118536 -0.100008078 0.974853754
1305031455.727628 -0.554014206 0.395588309 -0.409043580 -0.025643898 -0.193802193 -0.104839757 0.975085497
1305031455.759683 -0.568091154 0.390299916 -0.421939701 -0.025950896 -0.187522352 -0.107811555 0.975980818
1305031455.791666 -0.590050995 0.382006735 -0.437909365 -0.024738928 -0.178674012 -0.108807266 0.977560520
1305031455.827590 -0.602868557 0.378836453 -0.446952701 -0.023600876 -0.176778197 -0.106734879 0.978161573
1305031455.859526 -0.619187534 0.377829075 -0.461819261 -0.021615956 -0.172863230 -0.109750733 0.978573382
1305031455.891657 -0.626306713 0.372787952 -0.467900217 -0.023238212 -0.172287330 -0.107494622 0.978888154
1305031455.927955 -0.638708055 0.365582466 -0.478862286 -0.025170002 -0.167930320 -0.108437859 0.979493320
1305031455.959716 -0.650302470 0.369649500 -0.488576382 -0.022135012 -0.163564011 -0.110420898 0.980083704
1305031455.991694 -0.659147382 0.366238803 -0.497706294 -0.024088608 -0.158916563 -0.113014787 0.980506480
1305031456.027770 -0.687325656 0.384419858 -0.518724024 -0.021285476 -0.143207178 -0.119534209 0.982216954
1305031456.059713 -0.703348994 0.376315117 -0.522668481 -0.032005265 -0.136263788 -0.127667993 0.981890380
1305031456.091707 -0.719318986 0.367047638 -0.527743995 -0.038591079 -0.130130842 -0.133281380 0.981739640
1305031456.127645 -0.733824790 0.361064643 -0.532787025 -0.040380299 -0.124195933 -0.135002241 0.982201219
1305031456.159731 -0.740471125 0.347327232 -0.533101261 -0.043907464 -0.120516375 -0.135225192 0.982477546
1305031456.191658 -0.748117149 0.336133808 -0.534839332 -0.040744483 -0.113622338 -0.132330880 0.983828425
1305031456.227678 -0.756743789 0.345005721 -0.541832149 -0.033715528 -0.102606215 -0.129399225 0.985693216
1305031456.291675 -0.780897439 0.322924286 -0.537033439 -0.036514729 -0.080436908 -0.122074768 0.988581955
1305031456.327718 -0.791654766 0.316754311 -0.532765329 -0.032934036 -0.069755390 -0.114749826 0.990394890
1305031456.391619 -0.821057439 0.316828191 -0.527903676 -0.025080569 -0.042218249 -0.108962871 0.992832184
1305031456.427662 -0.838628292 0.319564611 -0.522878230 -0.017268794 -0.029623486 -0.100030914 0.994393289
1305031456.491677 -0.883531392 0.335701615 -0.515686214 -0.018956447 -0.015400835 -0.090982363 0.995552957
1305031456.527641 -0.891530395 0.336468011 -0.502441227 -0.024919393 -0.017843055 -0.082962275 0.996081293
1305031456.591651 -0.912725389 0.347998440 -0.485375583 -0.022732709 -0.012468481 -0.071504615 0.997103214
1305031456.627612 -0.921476424 0.355203927 -0.479320914 -0.035171989 -0.006711915 -0.062833369 0.997381508
1305031456.691612 -0.957586408 0.338066727 -0.450394571 -0.049937289 0.007021672 -0.049142435 0.997517884
1305031456.727693 -0.975221813 0.358191162 -0.441944897 -0.048924081 0.010866602 -0.039054621 0.997979522
1305031456.791649 -1.005351782 0.344504714 -0.418890566 -0.055654969 0.001903431 -0.024865437 0.998138547
1305031456.827603 -1.010213375 0.361929655 -0.408814341 -0.053014152 -0.002428567 -0.016137488 0.998460412
1305031456.891672 -1.024932981 0.352658719 -0.379767090 -0.065693483 -0.001013639 -0.004909398 0.997827291
1305031456.927690 -1.037218928 0.359800279 -0.372923255 -0.059205685 0.006053936 0.001639473 0.998226106
1305031456.959667 -1.052870035 0.380694360 -0.368805140 -0.054430872 0.014330606 0.007312475 0.998387933
1305031456.991709 -1.064924479 0.374719381 -0.359399021 -0.065045245 0.019348089 0.009061777 0.997653544
1305031457.027648 -1.077309608 0.375285417 -0.353541106 -0.066626631 0.024341913 0.012927945 0.997397244
1305031457.091655 -1.099792957 0.382765740 -0.350449771 -0.076877765 0.035054136 0.022570143 0.996168435
1305031457.127632 -1.117117763 0.374528050 -0.345366061 -0.082007267 0.045190051 0.026979322 0.995241106
1305031457.191735 -1.147044659 0.379350603 -0.352946848 -0.076967269 0.062942855 0.039921179 0.994243681
1305031457.227543 -1.159339786 0.374603927 -0.354984224 -0.081959315 0.069325082 0.045701098 0.993170738
1305031457.291656 -1.185816050 0.361928374 -0.366851538 -0.074492902 0.085212968 0.058111854 0.991873264
1305031457.327548 -1.201592684 0.366732955 -0.374899715 -0.069576487 0.095818020 0.063153327 0.990953922
1305031457.391684 -1.228891611 0.346292853 -0.389204323 -0.069524825 0.117625870 0.077557124 0.987580538
1305031457.427641 -1.256019592 0.349936217 -0.396723598 -0.062919274 0.129988864 0.084191486 0.985928953
1305031457.491705 -1.287588835 0.334595710 -0.409294337 -0.062976062 0.136198744 0.091646299 0.984421074
1305031457.527638 -1.299628019 0.326489955 -0.419534862 -0.059963927 0.138948366 0.094815686 0.983924627
1305031457.559685 -1.315394402 0.322465211 -0.427624822 -0.055790797 0.144654781 0.098328076 0.983002543
1305031457.591678 -1.336913466 0.319778174 -0.434486240 -0.052056398 0.151441053 0.101859376 0.981825054
1305031457.627526 -1.350655198 0.306811541 -0.442360133 -0.053649478 0.153058991 0.105658911 0.981086552
1305031457.659632 -1.366304755 0.311828673 -0.448350519 -0.047393925 0.155691564 0.108876482 0.980642557
1305031457.691570 -1.384290695 0.305229455 -0.451077312 -0.052807026 0.157709777 0.111948870 0.979697108
1305031457.727669 -1.397255778 0.284366488 -0.453929782 -0.058146141 0.159548342 0.110937908 0.979211986
1305031457.759556 -1.411921382 0.270352483 -0.459282368 -0.057340153 0.162607878 0.109938852 0.978868842
1305031457.791567 -1.417241931 0.254593372 -0.462578833 -0.051244080 0.165200457 0.108253062 0.978960752
1305031457.827699 -1.431910038 0.259909689 -0.470198929 -0.038380008 0.172944665 0.108118273 0.978226721
1305031457.859623 -1.447719932 0.247907743 -0.472383559 -0.037476614 0.182380199 0.108065419 0.976552486
1305031457.891593 -1.464737177 0.225894600 -0.469477296 -0.032864161 0.191759795 0.107619636 0.974969804
1305031457.927633 -1.485902786 0.224757627 -0.470850229 -0.018453719 0.198042423 0.110632367 0.973755181
1305031457.991644 -1.514675260 0.205584928 -0.470750660 -0.008192283 0.201684281 0.115784168 0.972548366
1305031458.027845 -1.523619175 0.194121435 -0.465790689 -0.000295236 0.205325156 0.116303399 0.971758723
1305031458.059689 -1.544608355 0.202047303 -0.460477710 0.011096957 0.212507457 0.117118634 0.970051885
1305031458.091690 -1.560855508 0.201599479 -0.452618271 0.011825614 0.217858076 0.118681513 0.968665421
1305031458.127605 -1.575565815 0.189974338 -0.440052539 0.009097480 0.223063573 0.119349688 0.967427254
1305031458.159638 -1.593652964 0.179615378 -0.425580174 0.010091502 0.227747411 0.121636473 0.966040313
1305031458.191646 -1.618750334 0.182174504 -0.407053590 0.012349196 0.231879830 0.125389785 0.964549959
1305031458.227611 -1.630816817 0.174963385 -0.395559281 0.004189437 0.229164377 0.125356600 0.965272903
1305031458.259934 -1.643554568 0.142121330 -0.373831630 -0.003489147 0.228882492 0.125280395 0.965352535
1305031458.291664 -1.663417459 0.146779925 -0.357130229 0.008438866 0.227434859 0.123187974 0.965933144
1305031458.327628 -1.674157977 0.140874282 -0.343507349 0.009839352 0.222046301 0.126013443 0.966808796
1305031458.359590 -1.684768200 0.116400063 -0.322095841 0.012923066 0.220403373 0.125371993 0.967231750
1305031458.391626 -1.695259929 0.121171631 -0.307033598 0.027547352 0.218621388 0.129644990 0.966766775
1305031458.427598 -1.699770093 0.119456910 -0.293329626 0.035446759 0.218655899 0.136793077 0.965515792
1305031458.459637 -1.696138382 0.110017851 -0.281380951 0.045704193 0.222496584 0.142638847 0.963358998
1305031458.491696 -1.691826820 0.086406358 -0.266018540 0.059836015 0.231570214 0.140134573 0.960810661
1305031458.527737 -1.702076912 0.119527668 -0.247805730 0.087625571 0.241219923 0.138859972 0.956479251
1305031458.559628 -1.704357505 0.122605346 -0.228838056 0.095322527 0.249666423 0.136006787 0.953982413
1305031458.591641 -1.710977674 0.131371796 -0.195534691 0.106953859 0.257124454 0.129077584 0.951728344
1305031458.627659 -1.725164890 0.157536760 -0.172753245 0.114725173 0.260063350 0.125182778 0.950544298
1305031458.659623 -1.739238262 0.158434600 -0.139304474 0.107594296 0.260526597 0.122003399 0.951664090
1305031458.691674 -1.742035866 0.165002570 -0.109102584 0.103266053 0.248067170 0.114323951 0.956414580
1305031458.727650 -1.726470232 0.161301285 -0.090145782 0.100090288 0.230632067 0.106290311 0.962025583
1305031458.759945 -1.730379820 0.164558440 -0.073691957 0.105455272 0.216931790 0.093691312 0.965940833
1305031458.791632 -1.717059612 0.184330553 -0.054868575 0.107912496 0.197892129 0.084716514 0.970575452
1305031458.827564 -1.715792298 0.182867542 -0.045289058 0.100589812 0.190673724 0.080707632 0.973145187
1305031458.891665 -1.702892303 0.175347224 -0.034790650 0.104814686 0.183841377 0.071511596 0.974731922
1305031458.927621 -1.714027166 0.185236633 -0.023131507 0.107521087 0.192614451 0.078180030 0.972227752
1305031458.959617 -1.719480991 0.162772790 -0.028225651 0.096586220 0.197158217 0.096494645 0.970818460
1305031458.991647 -1.733283758 0.142916322 -0.002192148 0.095098428 0.206407830 0.095271207 0.969162226
1305031459.027665 -1.761170030 0.131717518 0.009142954 0.103731990 0.209524229 0.093094110 0.967818558
1305031459.059631 -1.782519221 0.119504280 0.025102684 0.111663029 0.205585793 0.099328250 0.967160642
1305031464.327866 -1.979546309 0.077852473 -0.255947858 0.011583557 0.277152330 0.248157546 0.928154230
1305031464.359684 -1.963452816 0.075628631 -0.272107542 0.015430721 0.266200304 0.243975893 0.932402849
1305031464.395611 -1.954771042 0.083332904 -0.289677799 0.021935662 0.260706484 0.234027445 0.936366439
1305031464.427634 -1.944669127 0.083798692 -0.306832790 0.022120222 0.259315342 0.224891946 0.938983440
1305031464.459689 -1.939057231 0.077146709 -0.322640151 0.022012848 0.258080333 0.215497300 0.941525817
1305031464.495633 -1.927832484 0.079492070 -0.346335292 0.024343478 0.254290402 0.208728001 0.944021404
1305031464.527574 -1.924195170 0.084119767 -0.361742675 0.026232200 0.255045474 0.200156197 0.945622087
1305031464.559703 -1.911672592 0.076849841 -0.384919882 0.020388890 0.250932276 0.190067723 0.948942304
1305031464.595698 -1.876990676 0.055979952 -0.424615383 0.016952008 0.248626739 0.180333674 0.951513052
1305031464.627672 -1.864514112 0.052673224 -0.446738809 0.024028769 0.258898348 0.170004115 0.950522423
1305031464.659749 -1.863246322 0.046949271 -0.466712743 0.030215308 0.271754444 0.157078445 0.948979914
1305031464.695663 -1.851680517 0.024737114 -0.481931001 0.035559431 0.282926053 0.139468461 0.948281050
1305031464.727652 -1.864658952 0.029523766 -0.482277572 0.053288754 0.294546902 0.118294910 0.946788669
1305031464.759740 -1.867305756 0.035210893 -0.491862893 0.064049810 0.296107680 0.094159953 0.948341608
1305031464.796021 -1.865421891 0.021304414 -0.496647805 0.066406921 0.292097986 0.075429849 0.951093674
1305031464.827759 -1.876069665 0.014457491 -0.487481207 0.074666180 0.285582513 0.058718614 0.953634977
1305031464.859654 -1.864603519 0.036399920 -0.494205087 0.085143730 0.266934931 0.042351466 0.959011316
1305031464.895817 -1.834637165 0.049116664 -0.495558798 0.083620280 0.246086463 0.021178531 0.965401769
1305031464.927799 -1.808763266 0.027791196 -0.505159736 0.075354554 0.231074393 0.003534674 0.970007122
1305031464.959763 -1.786699414 0.012612183 -0.512085319 0.074420944 0.223392174 -0.013533262 0.971789241
1305031464.995687 -1.766006947 0.014209259 -0.513162374 0.078515254 0.219779208 -0.033202838 0.971817911
1305031465.027823 -1.751957893 0.015778430 -0.498590350 0.079805516 0.219630629 -0.054246388 0.970799029
1305031465.059749 -1.744408727 0.039725646 -0.481611609 0.088066384 0.214799345 -0.073140554 0.969925761
1305031465.095700 -1.723650336 0.071150742 -0.479662478 0.085089579 0.198808625 -0.088680618 0.972301722
1305031465.127664 -1.708864331 0.083974212 -0.470189482 0.065627776 0.185224876 -0.104284175 0.974940777
1305031465.159842 -1.681919575 0.093306601 -0.452775419 0.051133007 0.171344787 -0.107558906 0.977986455
1305031465.195564 -1.665499091 0.092759542 -0.438918024 0.037108716 0.160792068 -0.113729246 0.979711473
1305031465.227907 -1.648891449 0.107473671 -0.432844639 0.026911832 0.151509061 -0.117966183 0.981022298
1305031465.259807 -1.613418341 0.115734808 -0.414099783 0.017076403 0.137397796 -0.116618596 0.983478665
1305031465.295623 -1.598836780 0.125434637 -0.404060274 0.013517939 0.128623366 -0.107288919 0.985780060
1305031465.327674 -1.583878040 0.141238347 -0.394932419 0.009227759 0.115893103 -0.095156260 0.988650084
1305031465.359948 -1.563879848 0.140036196 -0.388346106 0.004533932 0.098292112 -0.082360692 0.991733253
1305031465.395586 -1.532740831 0.150227085 -0.385774821 0.008513698 0.077242143 -0.071035042 0.994442165
1305031465.427697 -1.503122687 0.162130371 -0.386584431 0.013465798 0.061072852 -0.061116133 0.996169448
1305031465.460125 -1.479405284 0.180706188 -0.387980819 0.019801563 0.048692875 -0.048496701 0.997439206
1305031465.495703 -1.454352379 0.205564082 -0.390839130 0.022393085 0.036196474 -0.038562834 0.998349249
1305031465.527622 -1.426633716 0.197676823 -0.396435201 0.016369224 0.023457352 -0.032309491 0.999068499
1305031465.559812 -1.398780823 0.209655106 -0.401797473 0.023753511 0.012127938 -0.026620299 0.999289751
1305031465.595599 -1.373750806 0.227601513 -0.407152712 0.031075545 0.005777821 -0.019141287 0.999317050
1305031465.627688 -1.355984569 0.243421048 -0.415098697 0.036887389 0.001059544 -0.009210386 0.999276400
1305031465.660060 -1.333051562 0.261640549 -0.421704084 0.043448873 -0.010654500 -0.000570114 0.998998642
1305031465.695668 -1.301725149 0.276588798 -0.427012116 0.049785379 -0.021289954 0.006636077 0.998510957
1305031465.727682 -1.273905635 0.289798111 -0.439886451 0.056168102 -0.027863476 0.018551052 0.997860014
1305031465.759766 -1.253850818 0.311975509 -0.443805069 0.065021433 -0.032852363 0.026997961 0.996977448
1305031465.795937 -1.225749850 0.331340581 -0.450591296 0.070990950 -0.038936265 0.033346660 0.996158779
1305031465.827996 -1.200604320 0.355708927 -0.448112965 0.083139069 -0.043362539 0.037795972 0.994876385
1305031465.859861 -1.175697088 0.388460726 -0.450162083 0.097808599 -0.047107104 0.043282367 0.993147016
1305031465.895494 -1.143318176 0.414802253 -0.455126911 0.101908125 -0.047155347 0.048296660 0.992501140
1305031465.927495 -1.120651603 0.415420145 -0.460517019 0.101561092 -0.040006589 0.049067795 0.992812753
1305031465.959710 -1.096287489 0.451044083 -0.460796356 0.118039526 -0.034744706 0.049301777 0.991175473
1305031465.995753 -1.082952142 0.476603389 -0.467232943 0.126168162 -0.028339701 0.045299593 0.990568757
1305031466.027644 -1.074642658 0.496482700 -0.473357528 0.131046280 -0.024105346 0.044241823 0.990095198
1305031466.059757 -1.052737117 0.531943619 -0.476174057 0.133709490 -0.025970707 0.045779515 0.989621937
1305031466.095840 -1.041258335 0.557624578 -0.474967808 0.132509321 -0.028114360 0.045251787 0.989749014
1305031466.127640 -1.030752897 0.568433404 -0.482622921 0.124055237 -0.031507224 0.044285756 0.990785718
1305031466.160428 -1.020018578 0.584840894 -0.490708113 0.118998423 -0.036545098 0.046280723 0.991141737
1305031466.195833 -1.014229894 0.598124623 -0.505723357 0.110278584 -0.043739583 0.046626531 0.991842449
1305031466.227951 -0.994861603 0.612725735 -0.518218279 0.099844933 -0.054583300 0.040539764 0.992677271
1305031466.259815 -0.975853026 0.612421095 -0.531528950 0.094379812 -0.057909276 0.034075830 0.993266225
1305031466.295737 -0.949902475 0.624086976 -0.556937754 0.095532954 -0.055663329 0.024148926 0.993575275
1305031466.327702 -0.923729420 0.637642980 -0.565024614 0.095698044 -0.051241461 0.017815635 0.993930995
1305031466.359829 -0.917895019 0.647080779 -0.576489449 0.090051576 -0.039753795 0.011852862 0.995072782
1305031466.395784 -0.911698103 0.645605326 -0.579371989 0.089098886 -0.033988830 0.003944539 0.995434880
1305031466.427819 -0.902673423 0.658836305 -0.594259679 0.096552148 -0.034711417 -0.000700057 0.994722247
1305031466.459790 -0.883526921 0.672262013 -0.603236675 0.096734367 -0.041795723 -0.004244789 0.994423211
1305031466.495809 -0.859194279 0.684943259 -0.607782900 0.093739972 -0.048954017 -0.004386165 0.994382739
1305031466.527538 -0.831177115 0.692593813 -0.615709662 0.092346877 -0.050399929 -0.004125044 0.994441986
1305031466.560353 -0.810306013 0.704610527 -0.626478970 0.090268053 -0.048080854 -0.004925087 0.994744003
1305031466.595936 -0.792418778 0.713072479 -0.630001247 0.081772447 -0.048214871 -0.007593558 0.995455146
1305031466.627549 -0.763416529 0.707690537 -0.634141922 0.073378794 -0.049360693 -0.010849164 0.996022761
1305031466.659688 -0.747447729 0.709190309 -0.642448366 0.078051038 -0.044721168 -0.015949916 0.995818079
1305031466.695822 -0.729953527 0.730271578 -0.644475818 0.082482874 -0.045927543 -0.023260280 0.995261848
1305031466.728074 -0.707114995 0.736617744 -0.646313012 0.076689586 -0.049943287 -0.032947987 0.995258152
1305031466.759637 -0.688062966 0.726682782 -0.649789870 0.074748278 -0.049771119 -0.040184554 0.995148599
1305031466.795604 -0.675893664 0.740934610 -0.653647482 0.084099330 -0.049015492 -0.046881009 0.994146347
1305031466.827879 -0.655691385 0.752247214 -0.655441284 0.083266445 -0.055127498 -0.050537426 0.993717074
1305031466.859665 -0.641898751 0.744775474 -0.662889481 0.078211486 -0.060343854 -0.051591758 0.993770540
1305031466.895694 -0.628518820 0.749546587 -0.666921616 0.082133032 -0.071162753 -0.052165616 0.992707789
1305031466.927756 -0.610316634 0.755161405 -0.673401237 0.083822764 -0.086009480 -0.056038819 0.991178989
1305031466.959728 -0.587303698 0.755238712 -0.676653087 0.083679818 -0.098719232 -0.057607409 0.989915907
1305031466.995712 -0.567280114 0.760330498 -0.680499494 0.085470870 -0.104515962 -0.060868386 0.988972306
1305031467.027843 -0.550261617 0.763284564 -0.684345663 0.086424679 -0.108958460 -0.065707617 0.988099873
1305031467.059700 -0.531401277 0.766015887 -0.683835804 0.087154567 -0.113162003 -0.068865485 0.987347960
1305031467.095687 -0.514731288 0.769410133 -0.689081550 0.085278340 -0.114494905 -0.074108087 0.986978471
1305031467.128974 -0.502015769 0.769880593 -0.690912127 0.086003631 -0.116390951 -0.085407495 0.985779941
1305031467.159660 -0.487423152 0.770200849 -0.695522606 0.087132037 -0.119163230 -0.093269140 0.984636486
1305031467.195663 -0.475548655 0.772739470 -0.699846625 0.088329665 -0.123094335 -0.097723454 0.983613670
1305031467.227704 -0.461102396 0.776335418 -0.700462699 0.090222307 -0.130343154 -0.103851467 0.981878519
1305031467.259694 -0.446255445 0.778225005 -0.702181041 0.092608556 -0.136098489 -0.109351903 0.980277002
1305031467.295846 -0.431711376 0.779868364 -0.705640435 0.094561964 -0.141573146 -0.115552314 0.978602409
1305031467.328008 -0.417632192 0.785451233 -0.709596276 0.097533800 -0.146744743 -0.121678278 0.976804793
1305031467.359654 -0.401703805 0.791797042 -0.711066127 0.095592856 -0.154155672 -0.122206308 0.975788713
1305031467.395756 -0.385330439 0.791025579 -0.716410637 0.089179851 -0.162163511 -0.128283679 0.974316835
1305031467.427783 -0.372233570 0.789170802 -0.719224513 0.086713359 -0.167665854 -0.132629111 0.973025441
1305031467.459692 -0.358791798 0.793783188 -0.724479795 0.087903038 -0.173638701 -0.134527057 0.971609533
1305031467.496058 -0.333148450 0.805146515 -0.721347332 0.087502442 -0.184271589 -0.138416812 0.969137788
1305031467.527663 -0.314364612 0.801455855 -0.722959280 0.081118986 -0.189165384 -0.145548403 0.967704415
1305031467.559763 -0.300169349 0.795672476 -0.724402606 0.079878144 -0.190529421 -0.149045080 0.967007518
1305031467.595989 -0.287882626 0.795794010 -0.728218198 0.079478174 -0.191331312 -0.147434294 0.967129052
1305031467.627532 -0.274951190 0.782906473 -0.728639364 0.077308051 -0.196751043 -0.145630419 0.966490686
1305031467.659626 -0.260445237 0.779065192 -0.722524166 0.084875092 -0.203848794 -0.144055635 0.964619040
1305031467.695886 -0.246163353 0.779364824 -0.717661142 0.088874519 -0.208728224 -0.144022822 0.963219225
1305031467.727535 -0.233431399 0.766346633 -0.713681459 0.090833887 -0.211643234 -0.149441898 0.961573422
1305031467.759907 -0.224980891 0.761472225 -0.704537392 0.098074831 -0.213856444 -0.151672646 0.960021973
1305031467.796075 -0.212169722 0.755708575 -0.697726130 0.102389567 -0.217740521 -0.154978916 0.958168566
1305031467.827800 -0.202835023 0.735532522 -0.687489092 0.103232197 -0.222230405 -0.154649079 0.957100034
1305031467.859729 -0.198380768 0.730263829 -0.676295757 0.111795187 -0.226235136 -0.152276576 0.955579042
1305031467.895947 -0.196856707 0.727105319 -0.669479132 0.117602669 -0.231093347 -0.153033406 0.953596473
1305031467.927754 -0.188674212 0.712011576 -0.653681874 0.119009078 -0.240308940 -0.155375019 0.950761318
1305031467.959826 -0.174796730 0.692620635 -0.640757918 0.123164080 -0.247894332 -0.156031802 0.948173523
1305031467.995754 -0.164927036 0.691781163 -0.624141932 0.128674984 -0.251555622 -0.158178851 0.946119428
1305031468.028107 -0.156894937 0.670929670 -0.611093104 0.124035835 -0.253469199 -0.162359133 0.945519924
1305031468.059850 -0.157143161 0.654295325 -0.596187353 0.127875090 -0.255158454 -0.164596543 0.944166362
1305031468.095867 -0.150259674 0.648193419 -0.580587149 0.131399855 -0.259180456 -0.166618630 0.942230225
1305031468.127816 -0.141453058 0.629857779 -0.560392916 0.129049510 -0.263935238 -0.168101266 0.940970957
1305031468.159864 -0.137456074 0.614137053 -0.547062039 0.130118147 -0.265840441 -0.171222433 0.939723909
1305031468.195985 -0.125130028 0.597319603 -0.533656120 0.128628135 -0.268621445 -0.175196350 0.938404799
1305031468.228158 -0.119357698 0.578411043 -0.518691421 0.126229018 -0.268853277 -0.175740480 0.938562453
1305031468.259754 -0.112568110 0.554538250 -0.503591239 0.122228973 -0.269338250 -0.172548681 0.939544499
1305031468.295830 -0.103449859 0.534293711 -0.491406202 0.121609852 -0.268230855 -0.175272286 0.939437568
1305031468.327847 -0.099519685 0.506129980 -0.478789747 0.119825542 -0.266985059 -0.172671527 0.940502703
1305031468.359787 -0.090254195 0.490735233 -0.475951046 0.122589312 -0.264135271 -0.168132037 0.941772819
1305031468.395860 -0.083543263 0.478142351 -0.472271562 0.120408863 -0.262812048 -0.168642476 0.942332864
1305031468.428025 -0.081792109 0.449642956 -0.464466929 0.113340519 -0.263369173 -0.169684157 0.942866862
1305031468.459759 -0.075038329 0.427661836 -0.461081922 0.110732809 -0.264604717 -0.167836696 0.943161428
1305031468.495809 -0.070849150 0.411128014 -0.456114113 0.107591771 -0.263481140 -0.168413281 0.943736553
1305031468.527756 -0.073923491 0.380756557 -0.451668471 0.103568047 -0.261524498 -0.173777089 0.943758488
1305031468.559739 -0.078816421 0.359094977 -0.449276060 0.108796939 -0.260729879 -0.182368055 0.941766977
1305031468.595768 -0.080355041 0.350770503 -0.454946905 0.113274977 -0.259473979 -0.189449951 0.940186560
1305031468.627626 -0.082943060 0.331966877 -0.452044487 0.106185958 -0.260909230 -0.191238031 0.940254688
1305031468.659579 -0.095305517 0.307163507 -0.452396333 0.102349609 -0.262849540 -0.192607582 0.939860106
1305031468.695835 -0.101778828 0.288509607 -0.448725879 0.105500467 -0.269158274 -0.194945231 0.937240541
1305031468.727785 -0.108270228 0.273910671 -0.441909403 0.109845325 -0.276033551 -0.196530297 0.934406400
1305031468.759628 -0.111212052 0.253229827 -0.443255961 0.108248733 -0.279619366 -0.197244495 0.933375478
1305031468.795796 -0.116808400 0.232064605 -0.439799607 0.110352568 -0.282140791 -0.200992823 0.931568980
1305031468.829247 -0.122541606 0.221053988 -0.441444635 0.119822107 -0.282900482 -0.207559824 0.928724349
1305031468.859659 -0.122461110 0.212415650 -0.433449030 0.122147016 -0.283733547 -0.211248413 0.927334607
1305031468.895873 -0.123193637 0.200577751 -0.426914901 0.120138802 -0.280074298 -0.213481486 0.928197563
1305031468.928141 -0.129552960 0.190988585 -0.426920742 0.116499193 -0.273369908 -0.211769477 0.931048095
1305031468.959594 -0.133550569 0.194316447 -0.424919605 0.112252556 -0.267190605 -0.207852677 0.934240758
1305031468.995711 -0.131546736 0.203263253 -0.427416861 0.101576559 -0.263201505 -0.210143492 0.936080575
1305031469.027699 -0.143528387 0.181753770 -0.436479002 0.079769239 -0.255821168 -0.223737732 0.937087953
1305031469.059832 -0.147829995 0.174663797 -0.423822373 0.066922374 -0.256227642 -0.228740484 0.936774552
1305031469.095723 -0.141698703 0.168227732 -0.413450390 0.057064027 -0.258032203 -0.240111336 0.934082210
1305031469.127679 -0.149774104 0.160989895 -0.393063366 0.043883387 -0.251805753 -0.249543950 0.934021413
1305031469.159703 -0.153803006 0.149685189 -0.379226267 0.032168925 -0.244307742 -0.255942523 0.934757888
1305031469.195540 -0.162294030 0.141526595 -0.368371427 0.023802079 -0.234301940 -0.261625677 0.935995758
1305031469.227754 -0.178023294 0.139450774 -0.361957639 0.019810628 -0.224787861 -0.266302407 0.937102437
1305031469.259586 -0.179133594 0.136578783 -0.349666685 0.015098016 -0.223277107 -0.270041406 0.936481178
1305031469.296754 -0.186231151 0.132813767 -0.339295983 0.009495904 -0.217677698 -0.273373663 0.936906099
1305031469.327618 -0.188151538 0.134897813 -0.329855591 0.004887675 -0.214482039 -0.274686396 0.937294483
1305031469.359592 -0.184547231 0.135830566 -0.309738129 -0.000405252 -0.212727487 -0.278164625 0.936680973
1305031469.395695 -0.190733060 0.129588544 -0.296655923 -0.003766730 -0.200981632 -0.284874320 0.937250674
1305031469.427651 -0.193913668 0.136460990 -0.284698784 -0.001215767 -0.188736215 -0.290244728 0.938155174
1305031469.459668 -0.196545482 0.140310302 -0.272858322 -0.000974230 -0.179479375 -0.298108518 0.937506020
1305031469.495744 -0.210082784 0.142713264 -0.265224934 -0.003877131 -0.170845017 -0.301541448 0.938013732
1305031469.527622 -0.214871034 0.148435339 -0.252746791 -0.008244481 -0.170486197 -0.302096158 0.937872291
1305031469.559645 -0.212792784 0.158586949 -0.238801092 -0.012491046 -0.172568142 -0.302359015 0.937359691
1305031469.595755 -0.212711573 0.167468473 -0.227362946 -0.018608453 -0.172992453 -0.303002208 0.936972260
1305031469.627752 -0.212144524 0.174364492 -0.209575474 -0.029796708 -0.173517317 -0.300846577 0.937280774
1305031469.659590 -0.218060687 0.180202857 -0.196590319 -0.036496598 -0.168627053 -0.301508039 0.937723756
1305031469.695613 -0.219476417 0.191001311 -0.184270114 -0.040307786 -0.165495425 -0.300103337 0.938575804
1305031469.727679 -0.226918548 0.199938789 -0.173131824 -0.046665765 -0.159139961 -0.299558491 0.939553857
1305031469.759599 -0.232904181 0.210333049 -0.162138999 -0.053877849 -0.154322162 -0.296732455 0.940867543
1305031469.795621 -0.243434861 0.226358548 -0.153036207 -0.060389884 -0.149711952 -0.293156296 0.942336857
1305031469.827526 -0.251507938 0.236102879 -0.144500941 -0.067794152 -0.150172368 -0.291008890 0.942425609
1305031469.859574 -0.256251097 0.251540959 -0.136573389 -0.074697345 -0.151695997 -0.286845207 0.942936063
1305031469.895755 -0.271205008 0.259050757 -0.130471066 -0.084306307 -0.149178281 -0.286717623 0.942566335
1305031469.927854 -0.282274932 0.285372674 -0.123043858 -0.082752578 -0.148521855 -0.281640172 0.944336832
1305031469.959805 -0.294414669 0.293630362 -0.116758071 -0.087928474 -0.150935531 -0.282430291 0.943249762
1305031469.995551 -0.302775472 0.315354407 -0.113363154 -0.087225929 -0.152141944 -0.276749581 0.944803774
1305031470.027694 -0.312587738 0.330768913 -0.109587811 -0.089781150 -0.154473692 -0.274960011 0.944708526
1305031470.059638 -0.324770480 0.344199508 -0.107187994 -0.092114359 -0.154233262 -0.276712060 0.944011390
1305031470.095944 -0.335386306 0.363310874 -0.105233766 -0.090507582 -0.153553516 -0.273993462 0.945069969
1305031470.127633 -0.346324950 0.375445038 -0.106214121 -0.097664125 -0.153746679 -0.269290954 0.945677578
1305031470.159626 -0.359304845 0.387643546 -0.105569616 -0.102864206 -0.153929055 -0.267199516 0.945689797
1305031470.196092 -0.368662447 0.408084571 -0.105789348 -0.100627281 -0.156300813 -0.260971278 0.947279334
1305031470.227618 -0.387374043 0.424804300 -0.115288891 -0.101112381 -0.148777753 -0.262661368 0.947971761
1305031470.259965 -0.399379671 0.437046736 -0.117447339 -0.106228925 -0.147879466 -0.259856164 0.948325813
1305031470.295718 -0.411515772 0.452701539 -0.119522884 -0.110299364 -0.146366432 -0.256448627 0.949023187
1305031470.327644 -0.424387336 0.460685492 -0.120725282 -0.120065272 -0.145873636 -0.254190981 0.948521018
1305031470.359624 -0.436721772 0.465388656 -0.121637493 -0.130558059 -0.147751749 -0.250299275 0.947878838
1305031470.395823 -0.453885615 0.483988702 -0.125425339 -0.130936250 -0.145486534 -0.246573582 0.949152708
1305031470.427641 -0.469138175 0.490819663 -0.126762375 -0.135097459 -0.146477178 -0.248514205 0.947910249
1305031470.459721 -0.477707446 0.495812595 -0.127606958 -0.137414113 -0.151694626 -0.248565212 0.946742535
1305031470.495686 -0.489603132 0.504922688 -0.130789146 -0.136769637 -0.153733879 -0.245537236 0.947296917
1305031470.527689 -0.500512958 0.511902869 -0.134983703 -0.136437595 -0.154854491 -0.246728823 0.946852565
1305031470.559677 -0.507126808 0.514379323 -0.136431336 -0.140636936 -0.158062086 -0.245472088 0.946034372
1305031470.595760 -0.521421432 0.525260866 -0.139842913 -0.138995066 -0.154887363 -0.243613452 0.947281778
1305031470.627729 -0.531639993 0.535935760 -0.141321331 -0.137931272 -0.153584197 -0.238412276 0.948971272
1305031470.659690 -0.548489749 0.550135434 -0.143651545 -0.134937420 -0.147368446 -0.233381554 0.951634109
1305031470.695630 -0.559474885 0.557940602 -0.144709542 -0.136606067 -0.147199795 -0.229552418 0.952353239
1305031470.727654 -0.567274690 0.556277156 -0.144572541 -0.141042545 -0.150500625 -0.228811234 0.951368511
1305031470.759682 -0.573921025 0.559868336 -0.146733001 -0.141450316 -0.148722678 -0.224691480 0.952568710
1305031470.795615 -0.586812615 0.559421301 -0.148919538 -0.148415431 -0.141037986 -0.220928848 0.953557372
1305031470.827831 -0.600403905 0.562831879 -0.148570552 -0.146246091 -0.137373999 -0.216444492 0.955453932
1305031470.859645 -0.605531573 0.564519465 -0.149157107 -0.141464919 -0.141269773 -0.212235868 0.956549227
1305031470.895722 -0.618095219 0.569986403 -0.152046204 -0.135976419 -0.138980970 -0.206723154 0.958884895
1305031470.927684 -0.635117352 0.567907095 -0.157619834 -0.135860786 -0.135504067 -0.203678846 0.960049689
1305031470.959647 -0.644164145 0.565531492 -0.159692913 -0.128411770 -0.140019581 -0.200702175 0.961053371
1305031470.995996 -0.646703005 0.563601077 -0.161176443 -0.121614233 -0.145911068 -0.196073189 0.962016225
1305031471.027644 -0.652624488 0.562508941 -0.160553396 -0.112675875 -0.146902055 -0.193856746 0.963402033
1305031471.059636 -0.662103772 0.561796904 -0.164181888 -0.103155948 -0.143469304 -0.189644024 0.965821207
1305031471.095777 -0.672352254 0.564352512 -0.169596851 -0.093588561 -0.140044034 -0.182906374 0.968593895
1305031471.127663 -0.680447936 0.563611031 -0.172330245 -0.087505840 -0.140236273 -0.176406175 0.970338762
1305031471.159649 -0.684778869 0.563903570 -0.174384281 -0.081185594 -0.141316518 -0.170042366 0.971866310
1305031471.195703 -0.689721048 0.565195441 -0.177336052 -0.077877603 -0.138768762 -0.163885504 0.973560393
1305031471.227569 -0.698358595 0.565083861 -0.181168526 -0.078128435 -0.133805662 -0.159884572 0.974899411
1305031471.259722 -0.704547286 0.562964380 -0.181600302 -0.079869144 -0.132433161 -0.156515732 0.975492299
1305031471.296068 -0.710700810 0.557980239 -0.181321606 -0.081603125 -0.130649880 -0.151788205 0.976335943
1305031471.327642 -0.712585449 0.559367776 -0.182791695 -0.076029904 -0.128308371 -0.149854735 0.977394462
1305031471.359615 -0.715095341 0.565410912 -0.187442422 -0.070573695 -0.120146707 -0.147153690 0.979249656
1305031471.395730 -0.723214746 0.558477044 -0.188149616 -0.073826022 -0.111956723 -0.141641542 0.980792046
1305031471.427704 -0.732228339 0.556069672 -0.191963166 -0.072199911 -0.106949285 -0.134002432 0.982543826
1305031471.459647 -0.738464713 0.555980325 -0.197415918 -0.071891792 -0.105244465 -0.130007550 0.983286977
1305031471.496491 -0.742190003 0.555009484 -0.199382380 -0.073625661 -0.105068579 -0.125395060 0.983776391
1305031471.527624 -0.746575296 0.554382265 -0.202180982 -0.074103035 -0.103934743 -0.120721154 0.984445393
1305031471.559671 -0.749154687 0.555820227 -0.205121383 -0.073422797 -0.102381222 -0.118634067 0.984912753
1305031471.595702 -0.751676381 0.556551695 -0.207733303 -0.072702989 -0.097874507 -0.116990000 0.985620737
1305031471.627621 -0.756022453 0.558177590 -0.211822629 -0.070967749 -0.091571711 -0.115610853 0.986515224
1305031471.659642 -0.757763624 0.555581927 -0.213758811 -0.070964895 -0.087283663 -0.112263240 0.987290502
1305031471.695609 -0.760184228 0.556817234 -0.218385801 -0.068587512 -0.082546867 -0.107041240 0.988445222
1305031471.727501 -0.761344135 0.558262229 -0.221876860 -0.069339335 -0.079109102 -0.102392539 0.989166081
1305031471.759702 -0.761869013 0.556857705 -0.222443655 -0.071533315 -0.075094908 -0.096557550 0.989909291
1305031471.795801 -0.762132525 0.563696742 -0.224875554 -0.066597559 -0.068358362 -0.089387409 0.991414070
1305031471.827639 -0.765791893 0.568152189 -0.228249431 -0.068669803 -0.061704658 -0.081797898 0.992363870
1305031471.859665 -0.769107103 0.567171574 -0.228804097 -0.074374758 -0.057232626 -0.075961739 0.992684543
1305031471.895604 -0.772053480 0.573428810 -0.230564922 -0.075206086 -0.051805560 -0.069107011 0.993420601
1305031471.927651 -0.774035931 0.571538925 -0.231398165 -0.084011786 -0.046900097 -0.065883763 0.993177593
1305031471.959643 -0.775784016 0.572530866 -0.227403924 -0.085277833 -0.040588669 -0.064893231 0.993412852
1305031471.995573 -0.780843794 0.579561710 -0.233896688 -0.082466491 -0.030752435 -0.061123770 0.994242132
1305031472.027638 -0.785706162 0.582977235 -0.232237771 -0.089589760 -0.023964841 -0.057508890 0.994028211
1305031472.059668 -0.789083242 0.577884436 -0.228632152 -0.096841060 -0.019884327 -0.054715592 0.993595839
1305031472.095601 -0.794827223 0.582880735 -0.230477467 -0.094643928 -0.013068341 -0.049072530 0.994215071
1305031472.127594 -0.800804317 0.589220762 -0.229767874 -0.097777709 -0.008779032 -0.045022007 0.994150639
1305031472.159645 -0.803005755 0.582608402 -0.226679638 -0.106151268 -0.009334024 -0.043403845 0.993358374
1305031472.195682 -0.807314456 0.582785726 -0.226510167 -0.102684662 -0.007402409 -0.039182853 0.993914366
1305031472.227626 -0.809918642 0.587580740 -0.227155447 -0.097569890 -0.006522019 -0.036061525 0.994553745
1305031472.263840 -0.813175917 0.582281828 -0.226876751 -0.098787881 -0.004569528 -0.034991995 0.994482636
1305031472.295671 -0.815303147 0.580604792 -0.228006139 -0.092393570 -0.002266184 -0.032678064 0.995183647
1305031472.327678 -0.818552256 0.583833456 -0.230414033 -0.085218772 0.000413697 -0.030944424 0.995881557
1305031472.363577 -0.820200324 0.584078848 -0.231959075 -0.084754564 0.000724360 -0.029628772 0.995961010
1305031472.395599 -0.822307825 0.580572009 -0.230916411 -0.086360089 -0.000571931 -0.027373170 0.995887697
1305031472.427686 -0.822586358 0.578616023 -0.229934484 -0.084547535 -0.004074659 -0.027131777 0.996041656
1305031472.463603 -0.821375728 0.576365769 -0.230851769 -0.083048768 -0.006007825 -0.028742569 0.996112764
1305031472.495626 -0.820919037 0.574456394 -0.231843516 -0.083076887 -0.004383290 -0.029293749 0.996102870
1305031472.527625 -0.820897758 0.566726923 -0.231337160 -0.086176045 -0.002339401 -0.028518951 0.995868921
1305031472.563587 -0.820797384 0.559734166 -0.230474576 -0.083723605 -0.002952774 -0.026917687 0.996121049
1305031472.595675 -0.819522262 0.563798070 -0.233406574 -0.075521305 -0.004205358 -0.024495697 0.996834397
1305031472.627701 -0.816213667 0.560139477 -0.232625872 -0.076516807 -0.006652053 -0.022821963 0.996784866
1305031472.663575 -0.815803826 0.556444585 -0.231046245 -0.076448612 -0.006729444 -0.021039739 0.996828794
1305031472.695755 -0.813383520 0.550528646 -0.230823025 -0.076498553 -0.008263116 -0.019659463 0.996841609
1305031472.727628 -0.812118411 0.548514843 -0.230498642 -0.073570073 -0.009087399 -0.019426847 0.997059405
1305031472.763578 -0.809057832 0.547017276 -0.228310615 -0.071039848 -0.010262336 -0.021021718 0.997199118
1305031472.795640 -0.807908893 0.542662084 -0.227313831 -0.070398822 -0.009398174 -0.022594687 0.997218728
1305031472.827627 -0.808192670 0.539547145 -0.227477878 -0.068444699 -0.007774176 -0.022828868 0.997363389
1305031472.863598 -0.808340609 0.539239407 -0.226121411 -0.065732874 -0.007651966 -0.021509837 0.997576058
1305031472.895713 -0.807115674 0.539456785 -0.224636331 -0.064842172 -0.009703350 -0.018839868 0.997670472
1305031472.927685 -0.805416346 0.538039267 -0.222741246 -0.065231204 -0.011614063 -0.017674888 0.997646034
1305031472.963756 -0.804640114 0.537025690 -0.221992940 -0.065116540 -0.011592460 -0.015850341 0.997684419
1305031472.995704 -0.804837525 0.536354244 -0.221222699 -0.066041954 -0.012453660 -0.014026958 0.997640550
1305031473.027638 -0.805779159 0.536089957 -0.220183268 -0.066538364 -0.013085834 -0.014414259 0.997593939
1305031473.063684 -0.805537164 0.533142269 -0.219134390 -0.068902746 -0.013706876 -0.015839204 0.997403443
1305031473.095695 -0.805057287 0.531552732 -0.219072342 -0.068854623 -0.012813299 -0.018938662 0.997364640
1305031473.127744 -0.804740489 0.531138718 -0.218558908 -0.068996608 -0.012139827 -0.019681236 0.997348845
1305031473.167060 -0.806955338 0.530090868 -0.217859864 -0.068307623 -0.011517356 -0.019963821 0.997398078
1305031473.196069 -0.805893779 0.528952658 -0.218319461 -0.067559153 -0.012898698 -0.020385994 0.997423589
