1305031102.175304 0.000000000 0.000000000 0.000000000 0.000000000 0.000000000 0.000000000 1.000000000
1305031102.211214 -0.002185436 0.008983287 0.010828940 -0.001482428 -0.002850565 -0.001912014 0.999993026
1305031102.275326 -0.003326102 0.008427259 0.035844702 -0.012926754 -0.008776198 -0.001498887 0.999876797
1305031102.311267 -0.003511062 0.007951198 0.050862134 -0.017301837 -0.011106234 -0.000925722 0.999788165
1305031102.343233 -0.005464759 0.009497464 0.060938772 -0.018884512 -0.012082607 0.000954806 0.999748230
1305031102.375329 -0.006157824 0.010085155 0.072387666 -0.020915905 -0.013784280 0.000734205 0.999685943
1305031102.411258 -0.009102798 0.014567957 0.081155740 -0.021754216 -0.015611297 -0.000234477 0.999641418
1305031102.443271 -0.007977069 0.021257920 0.093031242 -0.025521431 -0.019873589 -0.000122941 0.999476731
1305031102.475318 -0.005136047 0.022348283 0.109385252 -0.032588236 -0.023369990 0.000273638 0.999195576
1305031102.511219 -0.005146718 0.023822967 0.124125883 -0.037139043 -0.022460220 -0.001064477 0.999057114
1305031102.575286 -0.003720577 0.018217361 0.151602104 -0.044957325 -0.020728728 -0.004889021 0.998761833
1305031102.611233 -0.005113013 0.017670136 0.165427551 -0.042109489 -0.017725198 -0.003792310 0.998948574
1305031102.675285 -0.011236028 0.026595088 0.185714409 -0.040595077 -0.016661339 -0.001497915 0.999035656
1305031102.711263 -0.013060493 0.026714789 0.197336823 -0.041226849 -0.016169848 -0.000840846 0.999018610
1305031102.743234 -0.011638468 0.034901634 0.210692614 -0.040577430 -0.017210059 0.001410148 0.999027193
1305031102.775472 -0.009911840 0.037267014 0.226374969 -0.042101078 -0.016268201 -0.000542783 0.998980761
1305031102.811232 -0.012021445 0.039355211 0.237281993 -0.043177873 -0.012157346 -0.002866257 0.998989344
1305031102.843290 -0.010012581 0.041131407 0.253315538 -0.045026232 -0.009818906 -0.002667223 0.998933971
1305031102.875363 -0.015339099 0.043819200 0.262544215 -0.043728191 -0.004808678 -0.005484839 0.999016821
1305031102.911185 -0.015449340 0.046087109 0.273163527 -0.043426987 -0.003482213 -0.006883200 0.999026835
1305031102.975203 -0.025530545 0.049670544 0.291038781 -0.044920675 -0.006713356 -0.007211234 0.998941958
1305031103.011215 -0.025447398 0.052607317 0.302289039 -0.045794725 -0.013347387 -0.005315108 0.998847544
1305031103.043227 -0.026645306 0.055632830 0.313558877 -0.047356382 -0.019143650 -0.002656144 0.998691082
1305031103.075319 -0.018438643 0.057928447 0.324790239 -0.046635389 -0.026037112 0.000901734 0.998572171
1305031103.111240 -0.019257385 0.064553544 0.332694024 -0.044406265 -0.025517300 0.002452569 0.998684585
1305031103.143318 -0.018120546 0.066272117 0.343497932 -0.046349611 -0.026354240 0.003865086 0.998570085
1305031103.175452 -0.019064423 0.072200574 0.349858940 -0.045930620 -0.024431812 0.004503211 0.998635650
1305031103.243216 -0.019889215 0.080349259 0.364280552 -0.056479678 -0.024310149 0.008023549 0.998075485
1305031103.275370 -0.025499055 0.081498995 0.365580142 -0.065607376 -0.024384718 0.011673130 0.997479200
1305031103.311210 -0.024736291 0.076517627 0.374986678 -0.074257977 -0.034579121 0.012596221 0.996559739
1305031103.343223 -0.019783622 0.079893351 0.380513966 -0.073528513 -0.040653355 0.012117411 0.996390522
1305031103.375327 -0.017324410 0.078587197 0.381061614 -0.077526033 -0.040119324 0.014102700 0.996082962
1305031103.411260 -0.018082665 0.073948845 0.379537374 -0.080421127 -0.039158810 0.015712809 0.995867491
1305031103.443280 -0.020287763 0.071971357 0.374879837 -0.080332339 -0.040351540 0.015204440 0.995834947
1305031103.475274 -0.020004028 0.068238989 0.370890021 -0.080572717 -0.043152813 0.013634262 0.995720863
1305031103.511333 -0.019988647 0.063978948 0.365257740 -0.078321524 -0.044659469 0.011217012 0.995864153
1305031103.543444 -0.019460803 0.058808085 0.357486933 -0.074701689 -0.045938484 0.009455202 0.996102393
1305031103.575474 -0.019937513 0.055338189 0.346436083 -0.070834137 -0.046817705 0.009503666 0.996343434
1305031103.611223 -0.020462383 0.051494312 0.337345928 -0.068405800 -0.049925238 0.010848389 0.996348560
1305031103.643445 -0.019872105 0.046667464 0.325744301 -0.066084348 -0.053792849 0.011506598 0.996296525
1305031103.675523 -0.016999340 0.041684985 0.315029621 -0.064233333 -0.057158150 0.011747736 0.996227384
1305031103.711610 -0.015810521 0.038526397 0.303548127 -0.061651930 -0.058068130 0.011543676 0.996340215
1305031103.743326 -0.014278545 0.031738363 0.291410714 -0.060023513 -0.057955734 0.010574820 0.996456981
1305031103.775342 -0.013447893 0.030243307 0.276676297 -0.056276310 -0.057461265 0.007486322 0.996732235
1305031103.811242 -0.012429296 0.029664094 0.262213469 -0.055415619 -0.056551464 0.003745054 0.996853530
1305031103.843251 -0.015055296 0.029943002 0.247533709 -0.057640538 -0.055371318 0.001416056 0.996799648
1305031103.875361 -0.015303111 0.018974300 0.235716403 -0.065889560 -0.058301888 -0.002093368 0.996120036
1305031103.911221 -0.014114191 0.010797823 0.222370669 -0.066188231 -0.062047500 -0.003046168 0.995871425
1305031103.943211 -0.012599481 0.008142459 0.207597509 -0.064015292 -0.064793997 -0.003882036 0.995835721
1305031103.975373 -0.009505535 0.001453700 0.194578737 -0.063154846 -0.067410871 -0.004887778 0.995712519
1305031104.011232 -0.005551438 -0.005111783 0.182827637 -0.059617132 -0.068312414 -0.006335781 0.995860994
1305031104.043249 -0.001826389 -0.006932640 0.169563323 -0.052306328 -0.066053435 -0.007496492 0.996415973
1305031104.075425 0.000463876 -0.007125556 0.153634578 -0.047674805 -0.061568286 -0.010698760 0.996906221
1305031104.111235 0.005770110 -0.013731531 0.144852638 -0.045845792 -0.057624683 -0.011662691 0.997216880
1305031104.143230 0.003515225 -0.018621536 0.127786174 -0.041542422 -0.050406978 -0.012729018 0.997783184
1305031104.175424 0.003805025 -0.022133239 0.112442099 -0.037831072 -0.047045887 -0.013438492 0.998085618
1305031104.211283 0.005076348 -0.027643394 0.099863462 -0.034554638 -0.044709828 -0.013213461 0.998314798
1305031104.243196 0.006258485 -0.028823327 0.088032708 -0.029599087 -0.042696659 -0.012909955 0.998566091
1305031104.275546 0.007143731 -0.030978445 0.074688889 -0.025253017 -0.040140640 -0.014015263 0.998776495
1305031104.311219 0.007903479 -0.032525849 0.062365964 -0.021423541 -0.036742356 -0.014112721 0.998995423
1305031104.343342 0.010338966 -0.033289395 0.051790871 -0.018135963 -0.033416349 -0.014889304 0.999166012
1305031104.375837 0.008759775 -0.034120299 0.039510131 -0.016176436 -0.027749851 -0.014665157 0.999376416
1305031104.411509 0.005839678 -0.034365010 0.028528301 -0.014629434 -0.023114232 -0.013859705 0.999529719
1305031104.443288 0.002127417 -0.034731984 0.016822238 -0.014261361 -0.020648509 -0.013181670 0.999598145
1305031104.475456 -0.001831396 -0.038206577 0.005157668 -0.015246435 -0.020936655 -0.013052455 0.999579310
1305031104.511329 -0.005164794 -0.039937507 -0.002776298 -0.013839570 -0.022668350 -0.012733036 0.999566138
1305031104.543368 -0.003837661 -0.041187976 -0.010995927 -0.010421415 -0.024916319 -0.012289892 0.999559641
1305031104.575343 0.001768451 -0.045004968 -0.018539026 -0.006449366 -0.025967604 -0.011565658 0.999575078
1305031104.611336 0.016260112 -0.059263784 -0.023298878 -0.001186380 -0.025516383 -0.007984339 0.999641836
1305031104.643243 0.015090468 -0.053164057 -0.034622494 0.013139963 -0.016976293 -0.007632815 0.999740422
1305031104.675525 0.020649580 -0.062257417 -0.047588382 0.022457331 -0.009936872 -0.007194383 0.999672532
1305031104.711277 0.020183066 -0.063076362 -0.058479723 0.036077853 -0.002156354 -0.005054792 0.999333858
1305031104.743280 0.024311405 -0.060364574 -0.066554442 0.050053742 0.003968175 -0.002838286 0.998734593
1305031104.775327 0.023102826 -0.057054266 -0.074098423 0.062810160 0.011453503 -0.000580527 0.997959614
1305031104.811465 0.024682252 -0.052962042 -0.082180530 0.074126124 0.017812192 0.001651211 0.997088432
1305031104.843258 0.023051228 -0.047705736 -0.090709373 0.082971051 0.024824876 0.004073386 0.996234357
1305031104.875350 0.019121474 -0.037674844 -0.094362475 0.090866238 0.028823718 0.006159627 0.995426834
1305031104.911534 0.021078952 -0.038882092 -0.097142041 0.091806687 0.028972022 0.008114622 0.995322227
1305031104.943262 0.021252563 -0.038427573 -0.097510509 0.092323191 0.029617438 0.008436744 0.995252788
1305031104.975202 0.020884005 -0.030570179 -0.093890920 0.092779934 0.028785517 0.009350616 0.995226502
1305031105.011290 0.022113370 -0.026662597 -0.087750345 0.088537157 0.027914457 0.009929055 0.995632172
1305031105.043373 0.021618083 -0.021890707 -0.080383487 0.083649233 0.027267437 0.009120595 0.996080399
1305031105.075320 0.021448819 -0.020481749 -0.070125170 0.076830290 0.026247257 0.007302696 0.996671915
1305031105.111299 0.018128175 -0.024163106 -0.059410620 0.069997571 0.026086798 0.005827887 0.997188985
1305031105.143106 0.013423374 -0.012583052 -0.046635229 0.066465445 0.024121800 0.003671101 0.997490346
1305031105.175159 0.009454652 -0.008556616 -0.039387167 0.053724330 0.021652671 -0.000657631 0.998320818
1305031105.211268 0.005361754 -0.021896221 -0.024904851 0.037633106 0.018294785 -0.003474249 0.999118090
1305031105.243270 0.001361359 -0.017120430 -0.010545848 0.030474763 0.013413207 -0.004918986 0.999433398
1305031105.275288 -0.002215557 -0.015026850 0.000257702 0.020067886 0.007359708 -0.006704172 0.999749064
1305031105.311290 -0.008053849 -0.016617965 0.012884532 0.009471173 0.001520263 -0.007507340 0.999925792
1305031105.343302 -0.009355605 -0.016927024 0.032006864 0.001549219 -0.005734580 -0.007668436 0.999952972
1305031105.375338 -0.013700319 -0.016869076 0.044747222 -0.001874346 -0.009477160 -0.007736239 0.999923408
1305031105.411286 -0.015099281 -0.009090438 0.058474723 -0.005651056 -0.014223092 -0.008283151 0.999848545
1305031105.443316 -0.014735255 -0.014429278 0.074486032 -0.014114463 -0.018923845 -0.009030896 0.999680519
1305031105.475280 -0.015576575 -0.013372869 0.087706491 -0.017735142 -0.022244280 -0.008727044 0.999557137
1305031105.511332 -0.014255125 -0.010688199 0.103665568 -0.022044273 -0.025881130 -0.008245385 0.999387920
1305031105.543282 -0.013911747 -0.012806622 0.118156761 -0.026826844 -0.026960377 -0.007805707 0.999245942
1305031105.575449 -0.016461475 -0.010053317 0.130843207 -0.029192822 -0.027500087 -0.007647337 0.999166191
1305031105.611378 -0.014124341 -0.010748620 0.148674712 -0.032376289 -0.029675798 -0.006370232 0.999014795
1305031105.643273 -0.016560910 -0.008610140 0.161128268 -0.032508988 -0.029019915 -0.003893574 0.999042451
1305031105.711309 -0.008834414 -0.008044885 0.193242803 -0.034368888 -0.030708402 -0.002608265 0.998933911
1305031105.743312 -0.011302317 -0.000090736 0.206145480 -0.030630920 -0.025733171 -0.002812254 0.999195516
1305031105.775339 -0.007294821 -0.000075223 0.223496348 -0.031664230 -0.022748902 -0.002711061 0.999235988
1305031105.811283 -0.007487978 0.001755497 0.237710387 -0.030207863 -0.017615482 -0.001744814 0.999386847
1305031105.843271 -0.005224917 0.003661368 0.251946062 -0.028855432 -0.014675549 -0.000748935 0.999475598
1305031105.875337 -0.004666900 0.011897259 0.264349699 -0.026334504 -0.009403055 0.001138921 0.999608278
1305031105.911262 -0.003218913 0.014837471 0.278931320 -0.029353039 -0.006075776 0.006115521 0.999531925
1305031105.943272 -0.003887113 0.021396918 0.290255040 -0.030616581 -0.002237187 0.008485109 0.999492705
1305031105.975329 -0.003253529 0.025363082 0.300931960 -0.034825295 -0.000268392 0.010505758 0.999338150
1305031106.011285 -0.002998203 0.029790649 0.312894285 -0.038615435 0.002054612 0.011713583 0.999183416
1305031106.043355 -0.003930087 0.033073485 0.325696498 -0.043193948 0.004232573 0.012970657 0.998973548
1305031106.075330 -0.006273853 0.037085943 0.336233765 -0.046860050 0.006010527 0.014411644 0.998779416
1305031106.111327 -0.007090491 0.043204043 0.345788628 -0.051212698 0.005962241 0.015789868 0.998545170
1305031106.143355 -0.009492004 0.045206141 0.357371211 -0.058261685 0.004869210 0.017376488 0.998138249
1305031106.175534 -0.010429187 0.048611805 0.367387444 -0.061742071 0.003361036 0.018911391 0.997907341
1305031106.211275 -0.010794094 0.048485398 0.377753615 -0.065665893 0.001429510 0.019698661 0.997646213
1305031106.243267 -0.012178603 0.051422644 0.384607017 -0.065350868 0.000345916 0.022960043 0.997598112
1305031106.276385 -0.012769863 0.057586364 0.390947044 -0.065540977 -0.001501704 0.024787348 0.997540832
1305031106.311238 -0.012676286 0.060233217 0.395870924 -0.069079168 -0.002937978 0.026889307 0.997244418
1305031106.343258 -0.014289720 0.068834834 0.399737805 -0.072100170 -0.003774850 0.028726608 0.996976495
1305031106.375388 -0.010486835 0.070262082 0.403544754 -0.080725230 -0.005592137 0.021024236 0.996498942
1305031106.411320 -0.009847296 0.063844830 0.406487018 -0.089087710 -0.000492057 0.014880399 0.995912492
1305031106.443278 -0.014767773 0.059191059 0.403781593 -0.091342643 0.005630711 0.010300157 0.995750368
1305031106.475345 -0.016359955 0.057362340 0.399921238 -0.091197029 0.005098168 0.009322726 0.995776176
1305031106.511129 -0.018319977 0.051803097 0.393323362 -0.090746254 0.002522530 0.009716013 0.995823443
1305031106.543302 -0.015504712 0.049154989 0.383770794 -0.087564744 -0.002998312 0.009189408 0.996111929
1305031106.575282 -0.017307809 0.046193592 0.374166638 -0.084787101 -0.003828087 0.006786616 0.996368647
1305031106.611151 -0.018314552 0.045352135 0.362006783 -0.083728306 -0.006750173 0.004005894 0.996457696
1305031106.643207 -0.017196784 0.039027471 0.352062315 -0.084744789 -0.010124345 0.001717398 0.996349752
1305031106.675279 -0.020275308 0.039765649 0.338833392 -0.080894284 -0.012072293 0.002023676 0.996647537
1305031106.711508 -0.022066481 0.035300769 0.325253636 -0.083014496 -0.017287122 0.001364536 0.996397436
1305031106.743341 -0.022069860 0.030166658 0.309399813 -0.082302801 -0.023779945 0.001748966 0.996322095
1305031106.775390 -0.019139916 0.027202893 0.295084149 -0.081344031 -0.030857336 0.001893973 0.996206522
1305031106.811289 -0.018907154 0.027125100 0.280118853 -0.080590978 -0.034741789 0.001161136 0.996140897
1305031106.843416 -0.018494349 0.017375117 0.264564812 -0.082986437 -0.038771525 -0.000487458 0.995796025
1305031106.875905 -0.015255357 0.012210327 0.248578802 -0.077862285 -0.042085189 -0.003744570 0.996068418
1305031106.911243 -0.015585718 0.012542689 0.231575698 -0.073370323 -0.041356705 -0.008046402 0.996414423
1305031106.943439 -0.014985927 0.005392643 0.217547476 -0.072824642 -0.040721115 -0.012245817 0.996437848
1305031106.975547 -0.013238448 -0.001706528 0.202103510 -0.067654870 -0.039075937 -0.015426902 0.996823907
1305031107.011576 -0.015034901 0.000980142 0.178776845 -0.059499986 -0.034990210 -0.019252375 0.997429073
1305031107.043281 -0.015013332 -0.004950182 0.165118605 -0.060454525 -0.032892220 -0.021578969 0.997395456
1305031107.075432 -0.017731505 -0.014035792 0.146715224 -0.057386059 -0.030658530 -0.022645060 0.997624218
1305031107.111229 -0.016408648 -0.014766403 0.129951760 -0.052270520 -0.031750530 -0.023316786 0.997855723
1305031107.143260 -0.015248447 -0.011995605 0.115716860 -0.048890464 -0.030987363 -0.023747573 0.998040855
1305031107.175399 -0.011767495 -0.020456772 0.104733966 -0.048579872 -0.030680142 -0.024160294 0.998055637
1305031107.211358 -0.008843886 -0.026595073 0.092119232 -0.043112967 -0.029068736 -0.025506206 0.998321474
1305031107.243378 -0.008734476 -0.025677687 0.076700985 -0.036019228 -0.025369879 -0.025998207 0.998690665
1305031107.275398 -0.005506348 -0.030731773 0.066194788 -0.031200349 -0.022858603 -0.026022915 0.998912811
1305031107.311226 -0.005187565 -0.038369529 0.051248629 -0.025433123 -0.018631751 -0.027338315 0.999128938
1305031107.343509 -0.001514306 -0.038574718 0.045260634 -0.013256568 -0.015726475 -0.026856691 0.999427676
1305031107.375413 0.000702253 -0.034637310 0.032720424 -0.003224260 -0.011211182 -0.027380487 0.999557018
1305031107.411271 0.003699975 -0.035336237 0.025503378 0.003188606 -0.006990855 -0.027917173 0.999580741
1305031107.443419 0.006396729 -0.034046523 0.018236475 0.008605228 -0.002582479 -0.027427336 0.999583423
1305031107.475377 0.009166409 -0.037022594 0.012368926 0.010995530 0.001966391 -0.026404839 0.999588907
1305031107.511352 0.010260320 -0.032449499 0.008002311 0.013370517 0.005728520 -0.026139803 0.999552429
1305031107.543605 0.014012748 -0.033713289 0.009056649 0.010297948 0.007683523 -0.023471840 0.999641955
1305031107.575454 0.016749980 -0.038319483 0.009507828 0.009161723 0.009443496 -0.021042464 0.999692023
1305031107.611271 0.018933984 -0.030544661 0.009233369 0.011273986 0.010704277 -0.019414328 0.999690652
1305031107.643323 0.019757921 -0.030114295 0.012355488 0.007945423 0.011871922 -0.018395305 0.999728739
1305031107.675568 0.019838886 -0.030022748 0.012842072 0.006522795 0.012646371 -0.017556977 0.999744594
1305031107.711307 0.018157987 -0.027106553 0.014085870 0.005504453 0.012914524 -0.016806556 0.999760211
1305031107.743538 0.016646456 -0.022145392 0.014081302 0.003199486 0.011921783 -0.016288716 0.999791145
1305031107.775802 0.015425778 -0.021344034 0.018011274 0.000534616 0.009473546 -0.017396742 0.999803662
1305031107.811596 0.017373983 -0.019548092 0.020332035 -0.001415113 0.007176998 -0.017528675 0.999819577
1305031107.843332 0.018945005 -0.018350407 0.022859715 -0.003848793 0.006440546 -0.018274214 0.999804854
1305031107.875358 0.024893468 -0.021453805 0.026963033 -0.005150661 0.006236204 -0.021882562 0.999727845
1305031107.911541 0.027326027 -0.021327239 0.029543422 -0.004187044 0.009391436 -0.024000162 0.999659061
1305031107.943122 0.033246677 -0.022878859 0.034018658 -0.002475898 0.012090879 -0.024742819 0.999617636
1305031107.975807 0.039756205 -0.024995223 0.035751916 -0.000707537 0.016229961 -0.024536123 0.999566972
1305031108.011320 0.051006608 -0.021702776 0.037201818 0.003926425 0.019658145 -0.024597650 0.999496400
1305031108.043418 0.063263856 -0.019992629 0.042423494 0.006861162 0.025252361 -0.023447968 0.999382555
1305031108.075352 0.074830592 -0.021639844 0.045173332 0.007558619 0.034062274 -0.017952567 0.999229908
1305031108.111378 0.083025977 -0.019650033 0.050206043 0.010890763 0.040034156 -0.017104967 0.998992503
1305031108.143334 0.097093761 -0.018430589 0.053470131 0.013383215 0.042274915 -0.017071510 0.998870492
1305031108.176058 0.107632317 -0.010192243 0.057249200 0.013478116 0.045756940 -0.013756012 0.998766959
1305031108.211475 0.119247951 -0.010427686 0.062064487 0.008530882 0.046600413 -0.013145958 0.998790681
1305031108.243347 0.135333747 -0.022949379 0.065938771 0.004551650 0.048687920 -0.016489567 0.998667538
1305031108.275358 0.147594884 -0.016298901 0.063524298 0.006353925 0.052859720 -0.015954794 0.998454213
1305031108.311332 0.154853478 -0.011459352 0.066401407 0.003495113 0.054832730 -0.014609371 0.998382509
1305031108.343278 0.165223375 -0.010189980 0.069021225 -0.002036680 0.053267516 -0.012638751 0.998498201
1305031108.375410 0.172599226 -0.008562086 0.073100895 -0.006959273 0.051210351 -0.007879341 0.998632550
1305031108.411361 0.186741620 -0.010210974 0.076275483 -0.012465993 0.046500973 -0.001736392 0.998838961
1305031108.443610 0.201176912 -0.005733162 0.081718527 -0.015574778 0.044393051 0.004729542 0.998881519
1305031108.475471 0.214582443 -0.007634539 0.085976243 -0.018830236 0.042983852 0.012292644 0.998822629
1305031108.511378 0.238129988 -0.010777017 0.085766815 -0.019109463 0.042503554 0.017180029 0.998765767
1305031108.543737 0.247132957 -0.015201214 0.091139250 -0.016142825 0.050881259 0.016170233 0.998443305
1305031108.575414 0.258144528 -0.004341889 0.093649521 -0.009493163 0.055418469 0.014606690 0.998311222
1305031108.611407 0.275198072 -0.003802817 0.096591420 -0.009890291 0.059857361 0.014864340 0.998047292
1305031108.643303 0.287125438 -0.001171701 0.092524767 -0.009342414 0.065389760 0.017718881 0.997658730
1305031108.675375 0.300876439 0.003041991 0.099588059 -0.010864638 0.069575340 0.020330332 0.997310340
1305031108.711411 0.311645299 0.002368719 0.100816809 -0.015434321 0.077273428 0.024974121 0.996577561
1305031108.743502 0.320772022 0.002240152 0.100501880 -0.016974382 0.081873313 0.026438953 0.996147394
1305031108.775493 0.328709304 0.002444414 0.097101435 -0.018367546 0.085164309 0.027885448 0.995807230
1305031108.811244 0.333258212 0.000972476 0.094632410 -0.020327652 0.088216759 0.034048766 0.995311677
1305031108.843264 0.331775725 -0.000810781 0.098819993 -0.019599769 0.090114169 0.040088844 0.994931221
1305031108.876515 0.332973748 -0.000826259 0.096725896 -0.017780118 0.087532416 0.046140619 0.994933665
1305031108.911364 0.334102750 -0.005110591 0.095437624 -0.015830800 0.084086932 0.052263252 0.994960964
1305031108.943243 0.331088454 -0.006164910 0.089927867 -0.011132499 0.081088506 0.053402260 0.995212972
1305031108.975268 0.325074613 -0.000968497 0.084980033 -0.006070692 0.075863995 0.050723080 0.995808721
1305031109.011269 0.324164689 -0.001210921 0.084638864 -0.006722787 0.071750045 0.048634771 0.996213555
1305031109.043277 0.316564679 -0.001252803 0.081972033 -0.005658004 0.071258456 0.046674863 0.996349156
1305031109.075410 0.308207065 0.004335532 0.078041449 -0.005677960 0.068885222 0.041068751 0.996762753
1305031109.111282 0.302449375 0.000991670 0.077239387 -0.010283427 0.066803403 0.038556576 0.996967852
1305031109.143334 0.275619090 -0.001939580 0.081143141 -0.011881029 0.068641379 0.034549143 0.996972203
1305031109.175464 0.265589356 0.004590402 0.077256747 -0.010235584 0.061972369 0.031576212 0.997525752
1305031109.211379 0.266721457 0.010740004 0.072783239 -0.013548451 0.054137863 0.033020690 0.997895360
1305031109.243290 0.255236328 0.009480354 0.071805768 -0.022573818 0.051265758 0.038498379 0.997687399
1305031109.275308 0.238863751 0.004122930 0.071100079 -0.026334779 0.048509043 0.044218495 0.997495890
1305031109.311329 0.221197143 0.006004232 0.066701077 -0.023683939 0.041256819 0.045111600 0.997848630
1305031109.343248 0.207699284 0.010117383 0.061900005 -0.025255032 0.031544048 0.044341106 0.998198867
1305031109.375397 0.191074640 0.004537917 0.065201037 -0.029353617 0.024283534 0.043579109 0.998323321
1305031109.411329 0.179801792 0.005164851 0.062830091 -0.029825427 0.017228678 0.039368574 0.998630941
1305031109.443302 0.164138108 0.010344181 0.062502906 -0.031943381 0.012983505 0.033470299 0.998844683
1305031109.475363 0.149539620 0.007547106 0.063961744 -0.035422478 0.011575633 0.030118179 0.998851418
1305031109.511273 0.136143282 0.004933649 0.064312719 -0.035775598 0.008809241 0.025399445 0.998998165
1305031109.543294 0.123606883 0.004441903 0.061673883 -0.033288382 0.007158978 0.022522658 0.999166310
1305031109.575362 0.110027567 0.007027824 0.057820790 -0.032351550 0.007375895 0.022275873 0.999201059
1305031109.611310 0.095057793 0.009003977 0.055680785 -0.031999379 0.006233125 0.020204086 0.999264240
1305031109.643229 0.083428606 0.010373591 0.054967377 -0.032167792 0.004950128 0.018857721 0.999292314
1305031109.675263 0.067389548 0.012128454 0.049773496 -0.034318443 0.006018178 0.021236911 0.999167144
1305031109.711312 0.052615333 0.015664618 0.048422027 -0.036400013 0.003457322 0.021124817 0.999108016
1305031109.743274 0.040787913 0.014829250 0.047525082 -0.041183691 0.000315719 0.019501539 0.998961210
1305031109.775277 0.027939513 0.013305388 0.050896328 -0.044658851 -0.001306464 0.019434651 0.998812377
1305031109.811371 0.014060330 0.016303839 0.049284816 -0.046116870 -0.001943417 0.018933611 0.998754740
1305031109.843296 0.001147588 0.015690127 0.053110272 -0.050006103 -0.004717856 0.018187609 0.998572171
1305031109.875306 -0.015385069 0.013851500 0.051708885 -0.054675382 -0.006692653 0.016856661 0.998339474
1305031109.911265 -0.030783053 0.008847876 0.052360479 -0.057354078 -0.011554831 0.011126682 0.998225033
1305031109.943299 -0.042893797 0.022494771 0.057852503 -0.055075862 -0.015424261 0.007875289 0.998331964
1305031109.975258 -0.058246788 0.019123297 0.060609579 -0.060615107 -0.016808916 0.002636477 0.998016179
1305031110.011256 -0.070376791 0.020370780 0.063493699 -0.062794439 -0.019600563 -0.003772858 0.997826874
1305031110.043299 -0.082351550 0.021645984 0.068306133 -0.065031454 -0.020991374 -0.010680956 0.997605264
1305031110.075319 -0.097131059 0.023178035 0.069691189 -0.066958264 -0.020469129 -0.015686484 0.997422457
1305031110.111325 -0.116070323 0.027290305 0.072375081 -0.069977507 -0.019935440 -0.021230930 0.997123361
1305031110.143432 -0.128703132 0.020321941 0.074983336 -0.073491521 -0.023366196 -0.024994701 0.996708691
1305031110.175641 -0.140586138 0.029559180 0.076487392 -0.072364487 -0.026554599 -0.026296332 0.996677876
1305031110.211637 -0.152232274 0.026959082 0.079209268 -0.076966077 -0.029605268 -0.027800161 0.996206284
1305031110.243323 -0.164358601 0.022700639 0.080599725 -0.078606471 -0.033296019 -0.027817445 0.995961130
1305031110.279321 -0.171568587 0.023042409 0.082891174 -0.076897897 -0.038117349 -0.028487088 0.995902777
1305031110.311404 -0.184811547 0.024593895 0.080767140 -0.073840991 -0.040344559 -0.030058565 0.996000171
1305031110.343355 -0.198101267 0.026927629 0.080060385 -0.072534442 -0.044159442 -0.031177321 0.995899916
1305031110.379281 -0.206997439 0.024080342 0.079881765 -0.073005721 -0.050685417 -0.033382516 0.995483160
1305031110.411469 -0.227397084 0.039380785 0.080539547 -0.067698054 -0.053759951 -0.037480436 0.995551169
1305031110.443260 -0.239778087 0.041774407 0.077058643 -0.071552165 -0.058296323 -0.042623796 0.994819105
1305031110.479331 -0.252067059 0.036981918 0.077760011 -0.075847961 -0.064931214 -0.048777688 0.993806720
1305031110.511429 -0.263312370 0.037128922 0.078176416 -0.076587304 -0.072343215 -0.052497730 0.993048251
1305031110.543408 -0.275791734 0.044303801 0.078127623 -0.076429896 -0.078004852 -0.055529393 0.992466748
1305031110.579426 -0.284668952 0.052770168 0.079619654 -0.078479402 -0.084237419 -0.060424034 0.991510928
1305031110.611307 -0.289244056 0.045544285 0.085243806 -0.084782735 -0.089752048 -0.063701466 0.990302265
1305031110.643418 -0.299911290 0.043465503 0.086247928 -0.084049024 -0.090964928 -0.066883050 0.990044355
1305031110.679606 -0.304699898 0.049710255 0.081105702 -0.082532458 -0.094157964 -0.068940073 0.989732265
1305031110.711412 -0.311578780 0.045616113 0.081959233 -0.087550536 -0.096001595 -0.070443332 0.989017904
1305031110.743249 -0.318481416 0.046979714 0.084939450 -0.087254539 -0.096959457 -0.072416738 0.988808036
1305031110.779193 -0.314149052 0.043165147 0.083239131 -0.088781528 -0.101845175 -0.071878262 0.988220096
1305031110.811386 -0.318332165 0.044951942 0.083084509 -0.088919863 -0.101637110 -0.073660612 0.988097787
1305031110.843218 -0.321781367 0.042578943 0.082973830 -0.091497794 -0.103362158 -0.075573601 0.987538874
1305031110.879313 -0.319563985 0.043863047 0.083943643 -0.090874359 -0.106263734 -0.075654417 0.987282276
1305031110.911333 -0.319601297 0.045640584 0.083521686 -0.091112085 -0.107026480 -0.075947456 0.987155437
1305031110.943862 -0.313311011 0.044786066 0.084750161 -0.091372907 -0.110729076 -0.076864086 0.986651897
1305031110.979345 -0.301883906 0.046404768 0.082881883 -0.090940937 -0.111998975 -0.076666862 0.986563802
1305031111.011431 -0.290468752 0.043757804 0.084992401 -0.093387671 -0.109582052 -0.075430870 0.986701965
1305031111.043327 -0.286439657 0.043944545 0.084898986 -0.092345633 -0.103087522 -0.073516853 0.987643898
1305031111.079283 -0.282521755 0.049978536 0.085656255 -0.092164502 -0.099015668 -0.071423680 0.988230884
1305031111.111508 -0.269791365 0.041758526 0.086582989 -0.096295267 -0.098665804 -0.068540245 0.988076150
1305031111.143257 -0.261058956 0.040185574 0.089012802 -0.094778083 -0.096165255 -0.067613110 0.988533139
1305031111.179326 -0.239399299 0.034324568 0.087678201 -0.094232015 -0.096784286 -0.066875160 0.988575161
1305031111.211433 -0.231763169 0.044043422 0.092003085 -0.088670447 -0.087383084 -0.063233092 0.990203679
1305031111.243236 -0.232912734 0.041726962 0.089138091 -0.088676959 -0.080381654 -0.063006148 0.990810454
1305031111.279308 -0.216761783 0.039296586 0.093096279 -0.084630065 -0.080377370 -0.061731480 0.991244912
1305031111.311547 -0.213454783 0.044884726 0.086054914 -0.079499707 -0.072307013 -0.058585357 0.992481351
1305031111.343397 -0.207910642 0.047849968 0.088526070 -0.082072981 -0.074099272 -0.058087423 0.992168903
1305031111.379134 -0.185724631 0.034527291 0.092732318 -0.085515149 -0.080089331 -0.054154571 0.991635084
1305031111.411296 -0.182109922 0.037522703 0.090202145 -0.080094092 -0.078830726 -0.052541759 0.992275178
1305031111.443386 -0.161694303 0.037936274 0.091648161 -0.079796731 -0.086211719 -0.058373895 0.991358936
1305031111.479259 -0.125577569 0.028525000 0.097778127 -0.078987598 -0.088167712 -0.057659704 0.991293490
1305031111.511264 -0.118680753 0.031754736 0.098070040 -0.073269032 -0.075078651 -0.057410665 0.992823660
1305031111.543250 -0.103589676 0.020964202 0.097428620 -0.073298506 -0.070042096 -0.055790037 0.993281841
1305031111.579237 -0.092759274 0.027679631 0.096163921 -0.067069091 -0.059539273 -0.050388519 0.994694829
1305031111.611271 -0.087998047 0.024561843 0.091724835 -0.069114789 -0.052571889 -0.042776030 0.995303750
1305031111.643395 -0.061779462 0.010620625 0.094712257 -0.070037633 -0.057774886 -0.035514448 0.995236397
1305031111.679320 -0.040388837 0.021827709 0.095919877 -0.061532263 -0.053401574 -0.026520090 0.996322572
1305031111.711760 -0.024138493 0.017400272 0.095579371 -0.062478375 -0.046119351 -0.025242323 0.996660590
1305031111.743386 0.001746483 0.012934779 0.106914714 -0.059078317 -0.040245265 -0.023697630 0.997160196
1305031111.779423 0.030664643 0.012461480 0.100320265 -0.056365538 -0.027670424 -0.018810734 0.997849405
1305031111.811406 0.023280401 0.014241484 0.099711098 -0.053319287 -0.005846112 -0.015767531 0.998435915
1305031111.843299 0.030713961 0.018184518 0.097542755 -0.047646906 0.006049648 -0.015419451 0.998726904
1305031111.879442 0.036908399 0.020835863 0.096849754 -0.047349539 0.014723158 -0.010487054 0.998714805
1305031111.911354 0.041126758 0.019396968 0.099419981 -0.046542186 0.016683077 -0.004840305 0.998765290
1305031111.943300 0.057413425 0.018875740 0.099886835 -0.044506300 0.011639008 0.002806830 0.998937368
1305031111.979449 0.085660644 0.021630386 0.104080096 -0.042577162 0.008130439 0.010199429 0.999008060
1305031112.011433 0.100290619 0.017751843 0.105892867 -0.042112812 0.014638744 0.010593317 0.998949468
1305031112.043270 0.118452154 0.015082481 0.103597090 -0.039487161 0.020941073 0.008517326 0.998964310
1305031112.079339 0.143773392 0.014145900 0.104796946 -0.037634954 0.027806489 0.008726268 0.998866498
1305031112.111423 0.137239754 0.018734168 0.102282166 -0.033658162 0.042190552 0.005956860 0.998524725
1305031112.144342 0.159326196 0.019657006 0.105510324 -0.032603484 0.044066284 -0.001157177 0.998495758
1305031112.179390 0.181890100 0.018732082 0.101364680 -0.035063758 0.053367246 -0.004041407 0.997950971
1305031112.211254 0.191873983 0.009472464 0.103370391 -0.037800040 0.063732073 -0.009158415 0.997208834
1305031112.243369 0.204147071 0.003251103 0.106832623 -0.033333179 0.072537974 -0.013163171 0.996721566
1305031112.279353 0.206609115 0.004611269 0.107931957 -0.027604869 0.081108697 -0.016764129 0.996181846
1305031112.311312 0.218352407 -0.001315651 0.103949465 -0.023702458 0.083780095 -0.018484179 0.996030867
1305031112.343323 0.228066087 0.001061679 0.105037123 -0.015955647 0.084323131 -0.016687533 0.996170938
1305031112.379360 0.239428490 0.002665871 0.105136685 -0.011229479 0.082356296 -0.012752485 0.996458113
1305031112.411442 0.255565822 0.003868042 0.104435325 -0.008365891 0.078229174 -0.007754197 0.996870160
1305031112.443391 0.269268453 -0.000727266 0.104246788 -0.007339659 0.076434001 -0.001933858 0.997045755
1305031112.479418 0.276252419 0.001650498 0.104610339 -0.003403298 0.075917661 0.007625743 0.997079134
1305031112.511504 0.286219090 0.001780370 0.103701800 -0.001134987 0.071993873 0.015879365 0.997278035
1305031112.543212 0.295054346 0.000144934 0.102355719 0.000817414 0.068756044 0.019985694 0.997432947
1305031112.579252 0.304549068 0.002382061 0.102540553 0.003613163 0.065285847 0.025903070 0.997523785
1305031112.611261 0.325105071 0.006409546 0.103665449 0.005069701 0.061625145 0.031873778 0.997577429
1305031112.643246 0.341532171 0.008992632 0.103400767 0.003094211 0.064630233 0.040272992 0.997091472
1305031112.679952 0.341082454 0.007134633 0.104934126 0.000396971 0.072677821 0.042854216 0.996434271
1305031112.711251 0.341887653 0.008474808 0.105881631 -0.001338155 0.077733926 0.044223528 0.995991945
1305031112.743245 0.344130307 0.018348878 0.104275584 -0.003188088 0.080838777 0.047512688 0.995589018
1305031112.779310 0.343469650 0.015264494 0.106973656 -0.011652238 0.084875301 0.050831698 0.995025873
1305031112.811310 0.331270546 0.011960721 0.110089585 -0.014323927 0.088038906 0.050187033 0.994748831
1305031112.843286 0.328143507 0.019558689 0.108775437 -0.014627575 0.082764082 0.047610193 0.995323777
1305031112.879421 0.328975320 0.019310491 0.109836511 -0.018327061 0.078450948 0.049975414 0.995495856
1305031112.911411 0.317477375 0.018862089 0.109892100 -0.021182314 0.077263802 0.052174784 0.995419204
1305031112.943321 0.315859884 0.016204806 0.103851587 -0.023899272 0.070774101 0.051413435 0.995879769
1305031112.979278 0.307070047 0.015658377 0.108747229 -0.024459599 0.066011377 0.048674569 0.996330798
1305031113.011353 0.302233100 0.021025298 0.106663667 -0.024493732 0.062236499 0.048436847 0.996584415
1305031113.043231 0.287345380 0.017409451 0.107771620 -0.029945636 0.063033305 0.044816602 0.996554792
1305031113.079251 0.278337270 0.011154277 0.102213323 -0.032184366 0.060361370 0.041200619 0.996806502
1305031113.111316 0.265338093 0.009072873 0.098873116 -0.030313423 0.056013912 0.034360640 0.997377992
1305031113.143306 0.254668772 0.015520111 0.099246174 -0.030842364 0.053270131 0.032485623 0.997574925
1305031113.179343 0.240836695 0.007943132 0.098214254 -0.035706449 0.052754477 0.034342073 0.997377872
1305031113.211259 0.223098993 0.007404972 0.093004502 -0.034251418 0.049335465 0.035806406 0.997552395
1305031113.243227 0.211551994 0.012750693 0.088627569 -0.034237348 0.041920993 0.035976823 0.997885823
1305031113.279312 0.197192788 -0.000056564 0.087492682 -0.040208053 0.037208911 0.037606928 0.997789800
1305031113.311452 0.181169659 -0.009520970 0.080094784 -0.038307529 0.031360272 0.041533850 0.997909784
1305031113.343252 0.168113947 0.000233919 0.074598111 -0.030571571 0.021464014 0.041641559 0.998434067
1305031113.379312 0.148614079 0.001875014 0.077284038 -0.032825597 0.013746702 0.037257656 0.998671830
1305031113.411625 0.132507518 -0.006508779 0.080222003 -0.034774814 0.007019734 0.038148426 0.998642147
1305031113.443266 0.111177437 0.002560473 0.081476301 -0.029991910 0.002217773 0.033563912 0.998984039
1305031113.479311 0.094291918 0.004215551 0.082249425 -0.032635704 -0.004216976 0.027206119 0.999088049
1305031113.511523 0.077401280 0.003487467 0.082913116 -0.036212254 -0.009588051 0.024485255 0.998998106
1305031113.543242 0.057550568 -0.000699735 0.079088159 -0.039308444 -0.013711586 0.021902435 0.998892963
1305031113.579301 0.040311981 0.001206177 0.077731751 -0.038752388 -0.017525813 0.017300174 0.998945355
1305031113.611268 0.023130581 -0.000488257 0.081822589 -0.041578539 -0.020055773 0.010929590 0.998874128
1305031113.643222 0.009232291 -0.000677931 0.084981143 -0.044262838 -0.020736039 0.007132057 0.998779237
1305031113.679288 -0.005263438 0.000523446 0.085775450 -0.044975091 -0.019936193 0.004474254 0.998779118
1305031113.711931 -0.017999021 -0.001153692 0.088296697 -0.045462366 -0.019956814 -0.000713787 0.998766422
1305031113.743590 -0.029466322 0.000552578 0.090126790 -0.044248380 -0.018171914 -0.005922479 0.998837709
1305031113.779320 -0.046409946 -0.000346372 0.089618102 -0.043345176 -0.014451606 -0.010366196 0.998901844
1305031113.811237 -0.059784722 0.000373112 0.090377294 -0.042431273 -0.013449479 -0.012084511 0.998935759
1305031113.843295 -0.074639924 0.004874270 0.089919403 -0.041574709 -0.010610867 -0.015857529 0.998953223
1305031113.879281 -0.091413058 -0.008042831 0.089074105 -0.044330660 -0.009054194 -0.020555355 0.998764396
1305031113.911290 -0.105050392 0.000340705 0.091135278 -0.038578264 -0.010086721 -0.021334274 0.998976886
1305031113.943291 -0.115154266 -0.000211752 0.093421690 -0.036407031 -0.009119092 -0.023210078 0.999025881
1305031113.979293 -0.131331488 -0.000562941 0.092436053 -0.033408377 -0.006321480 -0.028124232 0.999026000
1305031114.011257 -0.150224432 0.001141701 0.090382218 -0.029801179 -0.003772362 -0.034153096 0.998965085
1305031114.043301 -0.168910742 0.004167426 0.092405781 -0.027291454 -0.005273946 -0.036815409 0.998935401
1305031114.079285 -0.185413644 0.004436325 0.093383148 -0.024860084 -0.009860083 -0.037289023 0.998946607
1305031114.111263 -0.198291570 0.009269550 0.093973719 -0.021358741 -0.015488274 -0.040373009 0.998836339
1305031114.143284 -0.209197462 0.010735433 0.097446792 -0.021068614 -0.021444695 -0.043477539 0.998602033
1305031114.179337 -0.218285322 0.006144933 0.099025741 -0.019733101 -0.024787806 -0.045925148 0.998442292
1305031114.211303 -0.232007012 0.016683107 0.099206842 -0.015345590 -0.024823349 -0.047918074 0.998424828
1305031114.243337 -0.250676513 0.015412479 0.099747181 -0.018196512 -0.025594186 -0.051788148 0.998164237
1305031114.279390 -0.270109802 0.016693430 0.100401476 -0.017683174 -0.029597970 -0.054311384 0.997928619
1305031114.311429 -0.279965758 0.020894440 0.104652867 -0.017822895 -0.038568750 -0.053880274 0.997643113
1305031114.343331 -0.282115966 0.018963657 0.107380413 -0.019513994 -0.047213953 -0.056439478 0.997098088
1305031114.379320 -0.291959524 0.018209647 0.109765083 -0.019619545 -0.049297120 -0.060663726 0.996747077
1305031114.411397 -0.305782765 0.014770849 0.108345121 -0.019974353 -0.049937796 -0.065379605 0.996409953
1305031114.443345 -0.321709663 0.020689037 0.110106528 -0.018165942 -0.052445773 -0.067400262 0.996181011
1305031114.479332 -0.337400615 0.019968420 0.112064838 -0.018737130 -0.057720270 -0.069343634 0.995745361
1305031114.511266 -0.341544241 0.022871068 0.112362236 -0.018591825 -0.066999041 -0.070942529 0.995054066
1305031114.543236 -0.339200348 0.018961666 0.116059117 -0.022782143 -0.074490264 -0.069582172 0.994530320
1305031114.579237 -0.345226586 0.017939540 0.117631577 -0.024110444 -0.074909329 -0.065979391 0.994713008
1305031114.611391 -0.352750868 0.022826035 0.117882736 -0.024986159 -0.074806586 -0.064043596 0.994825661
1305031114.644136 -0.361888170 0.023572629 0.120343760 -0.029461157 -0.076012246 -0.063539289 0.994644105
1305031114.679251 -0.368394136 0.018741267 0.120362855 -0.033690330 -0.081273317 -0.064483956 0.994032919
1305031114.711306 -0.364476800 0.014130398 0.122085810 -0.035452958 -0.088512562 -0.062987313 0.993449152
1305031114.743200 -0.365595520 0.010522586 0.120918289 -0.035787854 -0.091748603 -0.066194668 0.992934883
1305031114.779289 -0.362159520 0.014084832 0.121471040 -0.032216061 -0.094495818 -0.069933675 0.992543161
1305031114.811303 -0.360010743 0.013730096 0.117507361 -0.032685023 -0.094813406 -0.070175916 0.992480457
1305031114.843208 -0.358028054 0.011496680 0.116283320 -0.033580501 -0.095774062 -0.072686210 0.992177606
1305031114.879281 -0.353838503 0.017827885 0.117565811 -0.031961422 -0.096535012 -0.072293177 0.992186069
1305031114.912879 -0.349639356 0.018996632 0.117213912 -0.032965783 -0.097136974 -0.072491720 0.992079973
1305031114.943234 -0.340357751 0.020870658 0.115339205 -0.035298225 -0.098183878 -0.074473538 0.991749763
1305031114.979280 -0.331728578 0.025102578 0.118450142 -0.036079753 -0.096848950 -0.074451514 0.991854608
1305031115.011300 -0.321496457 0.030863704 0.119733460 -0.038727198 -0.097085975 -0.074802682 0.991705120
1305031115.043508 -0.309868604 0.028602302 0.124380738 -0.043062311 -0.096290939 -0.074378923 0.991635799
1305031115.079238 -0.299644440 0.033021398 0.126310974 -0.043098859 -0.093375325 -0.074563943 0.991899073
1305031115.111230 -0.279018760 0.032083653 0.129211947 -0.046492346 -0.092358977 -0.073919922 0.991889179
1305031115.143275 -0.267052412 0.028818939 0.132190183 -0.048931036 -0.084174857 -0.071034811 0.992710650
1305031115.179440 -0.264337689 0.033249404 0.135382667 -0.049151979 -0.077705920 -0.070253618 0.993282616
1305031115.211374 -0.246308476 0.025251888 0.140498430 -0.051895127 -0.077697866 -0.067883037 0.993308544
1305031115.243297 -0.232976317 0.021852013 0.144171745 -0.048213933 -0.072480373 -0.064151891 0.994136095
1305031115.279966 -0.216915339 0.030855231 0.144721061 -0.044239469 -0.070911899 -0.059609894 0.994716585
1305031115.311704 -0.189695567 0.017363491 0.152423024 -0.048848193 -0.071023203 -0.052301798 0.994904041
1305031115.343235 -0.177865595 0.021984775 0.151800171 -0.043207660 -0.060434848 -0.049737189 0.995995462
1305031115.379166 -0.177351207 0.033344738 0.151326597 -0.044032086 -0.052491821 -0.045022015 0.996633708
1305031115.411237 -0.158520162 0.027826808 0.159647882 -0.052118860 -0.061065365 -0.041769799 0.995896518
1305031115.443159 -0.132676706 0.027483312 0.164418444 -0.055393722 -0.066447869 -0.036398999 0.995585918
1305031115.479241 -0.119059920 0.030224266 0.166959345 -0.058576949 -0.065304331 -0.030972887 0.995662987
1305031115.511253 -0.088538945 0.021044021 0.166781291 -0.064424932 -0.068186067 -0.027217640 0.995218217
1305031115.543604 -0.058270115 0.021034788 0.175781205 -0.064006984 -0.061038952 -0.019548155 0.995889127
1305031115.579315 -0.048096139 0.022178309 0.176186845 -0.062607795 -0.046123590 -0.013740491 0.996877134
1305031115.611424 -0.030818237 0.019874085 0.177494854 -0.062282000 -0.040513419 -0.008758228 0.997197509
1305031115.643254 -0.012944703 0.019832859 0.182316557 -0.060423668 -0.035017874 -0.000821476 0.997558057
1305031115.679241 -0.007776242 0.019272422 0.171794102 -0.058647335 -0.027162509 0.009620111 0.997862816
1305031115.711320 0.015645994 0.019969389 0.172687978 -0.057967462 -0.029930936 0.018053018 0.997706354
1305031115.743250 0.042661507 0.017234815 0.174235255 -0.059115037 -0.026712354 0.024786821 0.997585833
1305031115.779425 0.055554505 0.018415874 0.172565386 -0.056442916 -0.016129797 0.031620972 0.997774601
1305031115.811277 0.071800224 0.020737834 0.170049280 -0.055187069 -0.006866716 0.038574845 0.997707009
1305031115.843224 0.086995013 0.019797485 0.169742197 -0.057815358 0.002950181 0.045722391 0.997275352
1305031115.879198 0.095042333 0.018383924 0.168854013 -0.057222206 0.011309338 0.054663412 0.996799707
1305031115.911118 0.116764106 0.020005409 0.165274963 -0.055400621 0.011947695 0.060834769 0.996537566
1305031115.943311 0.130086944 0.022307836 0.169973478 -0.055253766 0.018432306 0.065909222 0.996124089
1305031115.980740 0.150670886 0.024253858 0.168526322 -0.056935444 0.021578955 0.072792873 0.995486796
1305031116.011379 0.174107030 0.027595950 0.172896177 -0.058767792 0.025933318 0.076247364 0.995017648
1305031116.043164 0.186523423 0.030072268 0.176418096 -0.061232436 0.038120829 0.078050196 0.994336724
1305031116.080030 0.187296376 0.039086528 0.177948773 -0.062098324 0.053049095 0.081552602 0.993317068
1305031116.111300 0.190390393 0.042847447 0.184067801 -0.066997714 0.066272363 0.084704019 0.991939783
1305031116.143441 0.210251287 0.034685500 0.181986913 -0.074970402 0.071707770 0.086832792 0.990806520
1305031116.179572 0.220172569 0.041662037 0.185799256 -0.074306816 0.075990051 0.090368874 0.990220964
1305031116.211299 0.235558450 0.042561222 0.185867906 -0.078701995 0.079529732 0.094735146 0.989194751
1305031116.243320 0.250603557 0.039286777 0.189064831 -0.082503043 0.083925672 0.097738132 0.988229215
1305031116.279385 0.258580416 0.040237948 0.189400300 -0.082596116 0.093615510 0.100345217 0.987089097
1305031116.311336 0.264289349 0.046631694 0.188771382 -0.082202427 0.102898374 0.103663221 0.985854268
1305031116.343292 0.272468507 0.035353750 0.191606596 -0.087848417 0.108323112 0.107493334 0.984374881
1305031116.379384 0.275372505 0.034233369 0.190468460 -0.082745671 0.112095498 0.107602440 0.984382808
1305031116.411333 0.273703277 0.044880889 0.185231537 -0.074513532 0.115519144 0.111636288 0.984195292
1305031116.443369 0.277098060 0.043961212 0.182734534 -0.078134842 0.116362251 0.121527523 0.982642293
1305031116.479850 0.276163191 0.039918952 0.182627097 -0.079135627 0.118005879 0.124877073 0.981945992
1305031116.511205 0.274166733 0.038024083 0.180585682 -0.078134485 0.116562799 0.120392025 0.982758284
1305031116.543262 0.264918327 0.038895480 0.177923545 -0.075157963 0.118574388 0.116657592 0.983200073
1305031116.579313 0.250705451 0.040887959 0.174087986 -0.074448809 0.119552255 0.114644445 0.983372390
1305031116.611261 0.234221920 0.036756489 0.179357439 -0.074779235 0.117214710 0.106490090 0.984544873
1305031116.643355 0.224232808 0.038010556 0.175770208 -0.072566479 0.108684503 0.098333575 0.986535490
1305031116.679281 0.214512631 0.037072375 0.173575014 -0.072501466 0.099792436 0.088684678 0.988392651
1305031116.711634 0.200529188 0.039141677 0.172391564 -0.071108006 0.095484711 0.079256825 0.989719510
1305031116.743291 0.179426163 0.044301309 0.165589839 -0.070229165 0.094006076 0.067919761 0.990766168
1305031116.779298 0.165505439 0.043204203 0.162796482 -0.073242866 0.089256749 0.058007084 0.991616786
1305031116.811318 0.150436968 0.040178258 0.162105098 -0.074202262 0.084982276 0.049808946 0.992366433
1305031116.846089 0.118189484 0.036342330 0.161220819 -0.073364832 0.081844494 0.041529171 0.993073225
1305031116.880165 0.108898744 0.033605158 0.159037158 -0.076384529 0.068596095 0.035933562 0.994066775
1305031116.912044 0.086520962 0.030401448 0.152358994 -0.077162966 0.060129501 0.031112999 0.994717240
1305031116.943296 0.071601979 0.028746301 0.148700714 -0.078899480 0.045755569 0.023643263 0.995551229
1305031116.979351 0.052681413 0.030991610 0.145930663 -0.077509947 0.034460768 0.012597701 0.996316195
1305031117.011382 0.036970656 0.031361956 0.142424330 -0.076201037 0.022837022 0.003951949 0.996823072
1305031117.043261 0.026044242 0.033065770 0.135820642 -0.077008180 0.011226503 -0.000802179 0.996966958
1305031117.079520 0.004800071 0.039634481 0.139932066 -0.076855116 0.004192574 -0.005876387 0.997016132
1305031117.111238 -0.009710241 0.038730621 0.128718123 -0.080060162 -0.005329199 -0.007421322 0.996748149
1305031117.143218 -0.017760774 0.047421768 0.133956313 -0.079958655 -0.017350756 -0.006450331 0.996626318
1305031117.179264 -0.031724714 0.053456977 0.136184633 -0.081023119 -0.025061533 -0.012167754 0.996322811
1305031117.211361 -0.033981211 0.057009693 0.141144589 -0.081263497 -0.033616431 -0.015975170 0.995997488
1305031117.243277 -0.035464432 0.064124949 0.146061271 -0.082572475 -0.037754532 -0.017525688 0.995715439
1305031117.279299 -0.035716608 0.062117718 0.149283081 -0.087733909 -0.038207188 -0.022382965 0.995159268
1305031117.311200 -0.040285606 0.059317578 0.151636288 -0.091985784 -0.036053728 -0.023303736 0.994834483
1305031117.343243 -0.043219283 0.053530913 0.150467440 -0.094815731 -0.035571277 -0.024780160 0.994550467
1305031117.379454 -0.044912875 0.048816711 0.150969282 -0.094970509 -0.035338391 -0.025061477 0.994536936
1305031117.411221 -0.046041183 0.041340243 0.148368180 -0.095241256 -0.036630802 -0.024218667 0.994485140
1305031117.443274 -0.047065880 0.041185632 0.149415508 -0.090971246 -0.038108259 -0.023340696 0.994850338
1305031117.479403 -0.047713991 0.033656385 0.150357246 -0.090356208 -0.039108232 -0.021582095 0.994907260
1305031117.511325 -0.047096737 0.024086814 0.149830580 -0.088652544 -0.040950812 -0.019925639 0.995020986
1305031117.544285 -0.049425751 0.018848779 0.148506135 -0.083789550 -0.040929500 -0.019465715 0.995452285
1305031117.579155 -0.050383426 0.011940502 0.149532735 -0.081442989 -0.042585049 -0.020914277 0.995548189
1305031117.611159 -0.051061742 0.005332401 0.150593594 -0.080575585 -0.044280242 -0.020140689 0.995560765
1305031117.643252 -0.052702475 -0.003057344 0.154225916 -0.079292692 -0.045964126 -0.019093381 0.995608091
1305031117.679262 -0.053171098 -0.009642231 0.156685889 -0.079128936 -0.048906289 -0.018616935 0.995489895
1305031117.711184 -0.052951049 -0.019091941 0.161482096 -0.080099463 -0.051724415 -0.016692486 0.995303988
1305031117.743184 -0.052822351 -0.029457837 0.165213957 -0.080502629 -0.053995248 -0.013626079 0.995197535
1305031117.779467 -0.053462233 -0.036038794 0.169046491 -0.080249727 -0.056440130 -0.010927524 0.995115638
1305031117.811320 -0.051840629 -0.049256269 0.175952002 -0.082449377 -0.059191409 -0.009420743 0.994791269
1305031117.843291 -0.046588048 -0.058281396 0.182296261 -0.080177628 -0.061044652 -0.008112489 0.994876504
1305031117.879451 -0.047353502 -0.066522889 0.186187610 -0.079095587 -0.058024880 -0.007855850 0.995145857
1305031117.911407 -0.049154457 -0.078207284 0.190835789 -0.079129115 -0.055685040 -0.008234082 0.995273829
1305031117.943253 -0.048587710 -0.086354107 0.194998890 -0.078029945 -0.054131232 -0.008097316 0.995447397
1305031117.979228 -0.051856734 -0.095317908 0.197170645 -0.079688430 -0.051266272 -0.009039734 0.995459616
1305031118.011228 -0.050755449 -0.110162973 0.206990406 -0.083238669 -0.052038226 -0.009381231 0.995125771
1305031118.043521 -0.052179959 -0.118721008 0.211542159 -0.082084976 -0.050306246 -0.008785139 0.995316088
1305031118.079334 -0.049384333 -0.126640707 0.215450227 -0.081840843 -0.049912296 -0.009651173 0.995348036
1305031118.111217 -0.046793774 -0.137000844 0.224252984 -0.081482448 -0.047186583 -0.011604337 0.995489538
1305031118.143256 -0.051473476 -0.144692808 0.225982830 -0.079408050 -0.040994070 -0.013385669 0.995908976
1305031118.179323 -0.051847011 -0.157153144 0.231494814 -0.079977445 -0.038248088 -0.015255122 0.995945752
1305031118.211202 -0.056495797 -0.172914550 0.234448716 -0.078917384 -0.034502476 -0.014930207 0.996172011
1305031118.243173 -0.058176067 -0.180649728 0.237420321 -0.075481392 -0.035130788 -0.015044871 0.996414602
1305031118.279194 -0.057035908 -0.194891348 0.243266806 -0.073369861 -0.036051460 -0.015807761 0.996527612
1305031118.311299 -0.058229439 -0.201641306 0.245257676 -0.066569537 -0.035987917 -0.015871421 0.997006238
1305031118.343324 -0.054376859 -0.205487117 0.250169158 -0.061268814 -0.036457222 -0.016437672 0.997319818
1305031118.379208 -0.059046954 -0.212859005 0.250676811 -0.057126969 -0.033407986 -0.018172035 0.997642338
1305031118.411296 -0.059737608 -0.213753298 0.251873016 -0.053466696 -0.035021130 -0.017474640 0.997802317
1305031118.445692 -0.056803700 -0.215149343 0.255977839 -0.052461807 -0.036201723 -0.014490477 0.997861326
1305031118.479285 -0.058998052 -0.218628123 0.257570058 -0.052181862 -0.035787098 -0.012475327 0.997918189
1305031118.511255 -0.056248810 -0.213748187 0.258063823 -0.048887830 -0.036640558 -0.010696083 0.998074651
1305031118.544414 -0.053191345 -0.207714677 0.256843418 -0.048873242 -0.036779247 -0.011137125 0.998065472
1305031118.579285 -0.052289292 -0.205894887 0.259103417 -0.050789732 -0.036016528 -0.012012606 0.997987449
1305031118.616142 -0.048947513 -0.200713247 0.259408087 -0.050995979 -0.035108291 -0.013701343 0.997987509
1305031118.645325 -0.050239194 -0.188629940 0.256162524 -0.049954772 -0.032537904 -0.015806695 0.998096168
1305031118.679295 -0.053634450 -0.184601635 0.252920717 -0.053728431 -0.030062595 -0.018371865 0.997933865
1305031118.711421 -0.054432314 -0.181766242 0.251609176 -0.055509381 -0.030114973 -0.021222021 0.997778237
1305031118.746770 -0.061215803 -0.170138508 0.242855176 -0.052270137 -0.029861731 -0.020293437 0.997980118
1305031118.779277 -0.055517308 -0.149261013 0.236621305 -0.051219516 -0.035509896 -0.020104956 0.997853398
1305031118.811221 -0.052631408 -0.153175324 0.238627985 -0.059357401 -0.038891770 -0.022256447 0.997230530
1305031118.846753 -0.049143989 -0.142473802 0.235722527 -0.055055786 -0.039734770 -0.020576999 0.997480094
1305031118.879208 -0.047222164 -0.119693868 0.224238053 -0.050585654 -0.037704576 -0.022572584 0.997752428
1305031118.911177 -0.048053604 -0.114578150 0.221755281 -0.054659743 -0.036504559 -0.025126705 0.997521102
1305031118.946974 -0.047360178 -0.101002648 0.214771345 -0.052844517 -0.035288300 -0.026608415 0.997624278
1305031118.979374 -0.050823320 -0.083435491 0.205498442 -0.051760938 -0.033165701 -0.031096889 0.997624099
1305031119.011363 -0.051478982 -0.074994400 0.199085966 -0.056080975 -0.033393484 -0.033533465 0.997304022
1305031119.047172 -0.053107876 -0.064259738 0.192615464 -0.057779912 -0.033420525 -0.033380147 0.997211277
1305031119.079223 -0.058217611 -0.055725500 0.183542922 -0.058468521 -0.033716403 -0.034016859 0.997139633
1305031119.111328 -0.059637684 -0.045285571 0.177612871 -0.058373619 -0.036911763 -0.033655759 0.997044325
1305031119.147616 -0.060701884 -0.033075113 0.169896007 -0.057981800 -0.039909076 -0.032341063 0.996995211
1305031119.179226 -0.059896350 -0.028062548 0.164367855 -0.059487518 -0.044397451 -0.032470502 0.996712506
1305031119.211364 -0.057959571 -0.014548200 0.160121441 -0.055706810 -0.046885543 -0.030571286 0.996877074
1305031119.247399 -0.059219331 -0.001895565 0.155017585 -0.054029912 -0.047822174 -0.029897328 0.996945322
1305031119.279212 -0.058146972 0.007168167 0.148778811 -0.054123685 -0.049034201 -0.029977055 0.996878982
1305031119.311212 -0.059225056 0.017306456 0.143647909 -0.053682294 -0.048965771 -0.027792763 0.996969461
1305031119.347741 -0.059450842 0.024265507 0.139146492 -0.053591643 -0.050738133 -0.025109325 0.996956944
1305031119.379239 -0.059530742 0.039750014 0.134146005 -0.051065877 -0.052811593 -0.024774810 0.996990204
1305031119.411484 -0.054847162 0.048072163 0.132834196 -0.052220475 -0.054443851 -0.024113178 0.996858776
1305031119.447706 -0.052972987 0.058056153 0.131294727 -0.052846305 -0.052834585 -0.022723136 0.996945024
1305031119.479267 -0.056705441 0.072405040 0.125562206 -0.049503777 -0.049223892 -0.024079258 0.997269571
1305031119.511240 -0.058514155 0.081434079 0.119009018 -0.051297802 -0.047204733 -0.023982527 0.997278869
1305031119.547382 -0.056991793 0.093227275 0.116907708 -0.052381385 -0.048084635 -0.021317009 0.997241020
1305031119.579559 -0.058165763 0.110857919 0.112517491 -0.051831979 -0.046313278 -0.021997310 0.997338772
1305031119.615017 -0.058297846 0.117854588 0.112219527 -0.056499906 -0.044662874 -0.020675184 0.997188807
1305031119.647903 -0.059645712 0.132644787 0.109146267 -0.057501733 -0.043649666 -0.019527707 0.997199535
1305031119.679208 -0.055575881 0.145922571 0.111205257 -0.060593281 -0.043610930 -0.021578642 0.996975899
1305031119.715232 -0.056848366 0.153385743 0.109228149 -0.067206576 -0.038620707 -0.019430375 0.996801972
1305031119.747193 -0.060422819 0.160614476 0.108435541 -0.071260981 -0.035990074 -0.014564465 0.996701777
1305031119.779169 -0.061709058 0.171132460 0.105450168 -0.073559918 -0.037094891 -0.012135845 0.996526778
1305031119.814537 -0.059824560 0.182074100 0.105134256 -0.074875332 -0.038808335 -0.008190313 0.996403813
1305031119.847429 -0.058959384 0.192442611 0.105065629 -0.076926932 -0.038392130 -0.003508453 0.996291101
1305031119.879214 -0.059641860 0.195580631 0.102764241 -0.078900762 -0.036180831 -0.003836118 0.996218324
1305031119.911401 -0.060397435 0.211353108 0.098814219 -0.075925320 -0.034017447 -0.002646651 0.996529520
1305031119.947392 -0.061005745 0.219378397 0.097132601 -0.079739101 -0.032147441 -0.003076211 0.996292472
1305031119.979537 -0.059197985 0.224071056 0.097845532 -0.082599171 -0.030052332 -0.003935309 0.996121824
1305031120.015264 -0.064704433 0.241633162 0.091563560 -0.081844635 -0.024170667 -0.002556330 0.996348679
1305031120.047290 -0.065484546 0.235516921 0.091189116 -0.093463108 -0.023482410 -0.000884921 0.995345414
1305031120.079418 -0.068319872 0.237182230 0.091476284 -0.094800033 -0.024728937 0.001992510 0.995187163
1305031120.115232 -0.067368232 0.241243333 0.091505185 -0.094875224 -0.027565386 0.003409868 0.995101631
1305031120.148157 -0.067213506 0.237716570 0.092822313 -0.097813398 -0.028285598 0.003986683 0.994794726
1305031120.179246 -0.065971032 0.235524535 0.094958536 -0.096693464 -0.028481353 0.007608569 0.994877517
1305031120.215249 -0.065338179 0.229860947 0.094629630 -0.093032114 -0.028751785 0.008159048 0.995214462
1305031120.248003 -0.064099848 0.226544544 0.095265746 -0.088854961 -0.029203102 0.005745177 0.995599806
1305031120.279430 -0.064354494 0.219453052 0.096551709 -0.086234175 -0.028172221 0.003684794 0.995869696
1305031120.315196 -0.063069291 0.207518831 0.097442038 -0.085893042 -0.028217362 0.001695363 0.995903254
1305031120.347787 -0.061069597 0.199699119 0.101924449 -0.082146145 -0.028765431 -0.000432762 0.996204972
1305031120.379437 -0.061449360 0.188996121 0.104481235 -0.081407256 -0.028572485 -0.001354691 0.996270359
1305031120.415445 -0.058034610 0.171090782 0.111387938 -0.078465298 -0.030612664 -0.000625439 0.996446550
1305031120.447417 -0.060190082 0.164294228 0.112773560 -0.071221374 -0.030137116 -0.000766044 0.997004867
1305031120.479432 -0.057176132 0.149319634 0.118298426 -0.070372619 -0.032102462 -0.001193313 0.997003376
1305031120.514819 -0.060381658 0.136855006 0.122460626 -0.064739324 -0.032424450 0.001050029 0.997374713
1305031120.547736 -0.062260542 0.128952920 0.126265407 -0.057611492 -0.034704853 0.002639520 0.997732162
1305031120.579551 -0.061041165 0.119156033 0.128746480 -0.054925326 -0.038961522 0.005563227 0.997714520
1305031120.615236 -0.060409918 0.106585927 0.134855792 -0.053216372 -0.043435533 0.008411510 0.997602403
1305031120.647354 -0.055439457 0.098526828 0.142454833 -0.048096970 -0.048500884 0.009586426 0.997618377
1305031120.679318 -0.056020059 0.091803014 0.145769283 -0.044926919 -0.049344864 0.009701434 0.997723699
1305031120.714522 -0.055999950 0.082220584 0.149121955 -0.043241039 -0.049817394 0.010351175 0.997768164
1305031120.747369 -0.055417407 0.069487326 0.154259741 -0.043706909 -0.052440312 0.010903988 0.997607529
1305031120.779894 -0.053715173 0.057922933 0.159321517 -0.042211127 -0.054870270 0.010601900 0.997544527
1305031120.814944 -0.053616364 0.052114643 0.160701782 -0.038692567 -0.054908272 0.010187405 0.997689426
1305031120.847921 -0.053930100 0.041225161 0.163258150 -0.039940905 -0.055627689 0.007829931 0.997621655
1305031120.883435 -0.051141601 0.030267524 0.168832019 -0.038030159 -0.056279976 0.006043256 0.997672141
1305031120.915444 -0.052429084 0.024514632 0.170822218 -0.035930339 -0.054497238 0.004318079 0.997857928
1305031120.947488 -0.052092604 0.013084873 0.174043357 -0.037000969 -0.054360937 0.002580986 0.997832239
1305031120.983366 -0.054350138 0.003489858 0.176090017 -0.036721610 -0.053441472 0.000113600 0.997895539
1305031121.015019 -0.053465776 -0.007742980 0.179288015 -0.035701226 -0.054542519 -0.001079906 0.997872412
1305031121.047498 -0.055107459 -0.014528944 0.182065025 -0.034661409 -0.053976007 -0.002250040 0.997937918
1305031121.083099 -0.056411628 -0.029162684 0.183806479 -0.035317373 -0.054761335 -0.003767791 0.997867584
1305031121.114696 -0.055381421 -0.037904914 0.185865283 -0.033083782 -0.056547925 -0.002909085 0.997847378
1305031121.147331 -0.058759745 -0.046926238 0.186455324 -0.031084834 -0.055996869 -0.004532491 0.997936666
1305031121.183271 -0.059174586 -0.056444708 0.188443601 -0.029486924 -0.057197139 -0.005681431 0.997911215
1305031121.211420 -0.055187143 -0.067805037 0.194533691 -0.027873522 -0.058615766 -0.005130369 0.997878194
1305031121.247194 -0.060468044 -0.075610057 0.192271084 -0.025789076 -0.055335708 -0.006366719 0.998114407
1305031121.282876 -0.058824982 -0.088064201 0.198147908 -0.027076360 -0.057629038 -0.004855684 0.997959018
1305031121.313568 -0.058311045 -0.098742329 0.201845199 -0.024834231 -0.057934750 -0.003898651 0.998003840
1305031121.347517 -0.062702589 -0.106317945 0.202029943 -0.022553068 -0.057599779 -0.003391254 0.998079240
1305031121.383226 -0.058106106 -0.119076893 0.207597420 -0.022119576 -0.060539465 -0.002606006 0.997917295
1305031121.414318 -0.059049610 -0.127751514 0.210125998 -0.017601578 -0.059414692 -0.004094422 0.998069763
1305031121.447319 -0.059483215 -0.134149045 0.213472635 -0.015874801 -0.059028659 -0.003297473 0.998124599
1305031121.482964 -0.055572383 -0.149411783 0.219651103 -0.016058693 -0.058474623 -0.001453408 0.998158693
1305031121.514107 -0.061258528 -0.152978376 0.217118263 -0.011624792 -0.054712892 -0.001049030 0.998433948
1305031121.547270 -0.059801713 -0.158157855 0.219943389 -0.012374942 -0.055314779 -0.000169190 0.998392284
1305031121.583204 -0.060890015 -0.171200007 0.224842608 -0.014856587 -0.053759873 -0.001872179 0.998441637
1305031121.614700 -0.057687733 -0.178052709 0.229991376 -0.013640566 -0.053326398 -0.001830070 0.998482287
1305031121.647183 -0.057440549 -0.184646472 0.230725199 -0.013135600 -0.049084596 -0.004782305 0.998696804
1305031121.683200 -0.062854633 -0.193219185 0.232908949 -0.015674111 -0.043860037 -0.006519121 0.998893440
1305031121.714520 -0.065076873 -0.200375468 0.234361604 -0.016324287 -0.042616051 -0.005176388 0.998944759
1305031121.747145 -0.064969636 -0.204628304 0.237874120 -0.017601578 -0.042532336 -0.004971900 0.998927653
1305031121.782835 -0.064876296 -0.211972445 0.242137194 -0.019772008 -0.042265374 -0.002928568 0.998906434
1305031121.811540 -0.061477777 -0.216831431 0.244853213 -0.021248940 -0.042140905 -0.000825053 0.998885334
1305031121.847335 -0.062681168 -0.220317841 0.245654061 -0.023363989 -0.039968133 0.002581463 0.998924434
1305031121.882060 -0.063893303 -0.223366082 0.245562106 -0.025899038 -0.039215330 0.008413901 0.998859644
1305031121.914931 -0.064477794 -0.225779504 0.245156005 -0.028163759 -0.040812325 0.010358143 0.998716116
1305031121.947288 -0.062123243 -0.223710492 0.247325614 -0.027366010 -0.043597739 0.010083761 0.998623371
1305031121.982926 -0.061395593 -0.219185144 0.246075526 -0.026841568 -0.043330561 0.009810506 0.998651922
1305031122.014256 -0.061877433 -0.215872288 0.244400471 -0.027399808 -0.043213196 0.007632706 0.998660862
1305031122.047306 -0.061975989 -0.210199222 0.243904278 -0.026074996 -0.044711016 0.004270697 0.998650491
1305031122.082959 -0.060895599 -0.204490483 0.241474077 -0.025506563 -0.045493249 0.000760108 0.998638690
1305031122.114672 -0.062087253 -0.193219647 0.236706510 -0.023209352 -0.045173671 -0.003064999 0.998704791
1305031122.150725 -0.059160780 -0.185934320 0.234345451 -0.024361013 -0.046520576 -0.008175293 0.998586774
1305031122.183042 -0.059214998 -0.172523335 0.230761886 -0.021175263 -0.045392860 -0.013160438 0.998658061
1305031122.214959 -0.061228052 -0.149778008 0.222071230 -0.020277517 -0.042904917 -0.018345723 0.998704851
1305031122.251319 -0.061378092 -0.144946992 0.220856398 -0.027360734 -0.042397290 -0.021652928 0.998491347
1305031122.283560 -0.064052299 -0.133043155 0.215999246 -0.027574310 -0.042543124 -0.023590004 0.998435438
1305031122.314289 -0.066508360 -0.109716319 0.206516653 -0.029774291 -0.043822665 -0.028471742 0.998189569
1305031122.351327 -0.065579496 -0.102086641 0.205516174 -0.036806434 -0.046645015 -0.030508546 0.997766912
1305031122.382630 -0.070215069 -0.087509163 0.197833732 -0.040293239 -0.047126032 -0.031440936 0.997580588
1305031122.414997 -0.072773159 -0.082100056 0.193578407 -0.045375645 -0.050590880 -0.032359902 0.997163236
1305031122.451257 -0.073406987 -0.067590751 0.186859459 -0.045866229 -0.054963380 -0.030737603 0.996960640
1305031122.483360 -0.072330467 -0.062134255 0.181013986 -0.050607800 -0.060171548 -0.031047430 0.996420741
1305031122.515097 -0.070817292 -0.047737919 0.176751450 -0.050378315 -0.064660251 -0.031929392 0.996123254
1305031122.551490 -0.066707470 -0.036363509 0.174715802 -0.051432442 -0.067243859 -0.033004150 0.995863318
1305031122.583208 -0.068021804 -0.027104633 0.167812005 -0.052863717 -0.065088503 -0.035054561 0.995861471
1305031122.614980 -0.072347760 -0.019262020 0.164011374 -0.054037165 -0.064037137 -0.033902276 0.995906532
1305031122.648788 -0.072428629 -0.007831279 0.157059968 -0.052352354 -0.065621495 -0.032880805 0.995927632
1305031122.683402 -0.072983183 0.003953063 0.151613548 -0.051195886 -0.066607542 -0.032217372 0.995944023
1305031122.715208 -0.074257202 0.013570981 0.146985099 -0.051385079 -0.068963565 -0.028992966 0.995872974
1305031122.751298 -0.072553620 0.030167431 0.144829750 -0.048976190 -0.072265342 -0.028738713 0.995767593
1305031122.783423 -0.070503496 0.045650896 0.138670743 -0.050928798 -0.072964773 -0.028511561 0.995625138
1305031122.812555 -0.068842866 0.052415710 0.139487341 -0.056717224 -0.073059641 -0.029568397 0.995274425
1305031122.851418 -0.063759446 0.063390546 0.140247256 -0.057691667 -0.071142271 -0.031331643 0.995303392
1305031122.883754 -0.066513479 0.073510811 0.134756193 -0.060612414 -0.063577041 -0.030663660 0.995662510
1305031122.914571 -0.069621272 0.078826584 0.131912827 -0.064825103 -0.060185563 -0.029646978 0.995638728
1305031122.951341 -0.070012398 0.086510964 0.129479349 -0.065782562 -0.059293207 -0.028707687 0.995656967
1305031122.982815 -0.072997317 0.097224571 0.124716111 -0.066430375 -0.058173217 -0.025526304 0.995766699
1305031123.015450 -0.071825750 0.103103057 0.123582616 -0.069209158 -0.059888586 -0.022559321 0.995547354
1305031123.051827 -0.070872396 0.109125957 0.121860944 -0.069079980 -0.059759043 -0.020974541 0.995598793
1305031123.082975 -0.071591295 0.122104913 0.118061431 -0.067079976 -0.058562811 -0.018290110 0.995859504
1305031123.113873 -0.070762202 0.133617252 0.115047961 -0.069093928 -0.057825591 -0.016130920 0.995802164
1305031123.150822 -0.072734721 0.140966073 0.112486765 -0.072119780 -0.056163270 -0.015978303 0.995685279
1305031123.182155 -0.068991706 0.154769003 0.114451528 -0.072535872 -0.056264460 -0.015125308 0.995662630
1305031123.214704 -0.068617746 0.166264087 0.111483082 -0.075792991 -0.051336382 -0.015705803 0.995677292
1305031123.250618 -0.068675064 0.179693609 0.106754303 -0.080122992 -0.047166243 -0.016866673 0.995525599
1305031123.282347 -0.067307077 0.193275034 0.109616399 -0.086271115 -0.044956375 -0.013552961 0.995164573
1305031123.311327 -0.064842187 0.202673763 0.110479750 -0.091165833 -0.041991614 -0.012793207 0.994867742
1305031123.350481 -0.064349115 0.208343834 0.111098476 -0.097040296 -0.038061216 -0.012652801 0.994471967
1305031123.382255 -0.063396476 0.220424309 0.110582754 -0.099585883 -0.033670340 -0.009747498 0.994411349
1305031123.411363 -0.061920233 0.224058464 0.108978093 -0.104489274 -0.029307052 -0.007322536 0.994067132
1305031123.451255 -0.063583583 0.233879462 0.104553856 -0.105522469 -0.025533617 -0.005846100 0.994071901
1305031123.483594 -0.063405037 0.245859876 0.104377948 -0.107761696 -0.023745850 -0.000866877 0.993892789
1305031123.511360 -0.061845850 0.250078827 0.102645867 -0.112177871 -0.022541482 0.001733140 0.993430972
1305031123.551513 -0.062524274 0.259615570 0.100556068 -0.112464264 -0.021819405 0.003869577 0.993408680
1305031123.579583 -0.059314977 0.264683336 0.100754008 -0.115542814 -0.022827759 0.006855354 0.993016481
1305031123.611335 -0.058807921 0.275665522 0.098530285 -0.114654958 -0.021202154 0.008151242 0.993145645
1305031123.652411 -0.056710821 0.286182314 0.100785315 -0.116768122 -0.020264015 0.008276166 0.992917955
1305031123.683753 -0.055323437 0.294823050 0.099698335 -0.119264074 -0.017010920 0.009201938 0.992674172
1305031123.711323 -0.053771775 0.300402015 0.098492458 -0.123948909 -0.013917645 0.011161649 0.992128193
1305031123.751723 -0.053879235 0.299892515 0.096344024 -0.129405335 -0.011372780 0.012816655 0.991443694
1305031123.783858 -0.053105865 0.303562462 0.095168374 -0.130573496 -0.012064374 0.015090204 0.991250396
1305031123.811608 -0.052383054 0.306297064 0.095376238 -0.130837232 -0.012624562 0.015518468 0.991201997
1305031123.851444 -0.052296042 0.304020762 0.093794890 -0.133399129 -0.012547924 0.017831996 0.990822494
1305031123.883786 -0.052020825 0.298265815 0.093262620 -0.135970175 -0.014080428 0.019252308 0.990425766
1305031123.911243 -0.052246522 0.297222972 0.094115809 -0.132322878 -0.015516656 0.018495841 0.990912616
1305031123.951442 -0.053485882 0.298166633 0.092321374 -0.130796015 -0.015084794 0.019397892 0.991104722
1305031123.983415 -0.053047761 0.287352234 0.094403982 -0.136214778 -0.017718771 0.021936277 0.990277946
1305031124.011302 -0.053290319 0.278779596 0.098312058 -0.132500991 -0.021687137 0.021558726 0.990711033
1305031124.051505 -0.054821197 0.275093585 0.099417567 -0.127479181 -0.023994138 0.021312198 0.991321921
1305031124.083837 -0.054613888 0.267340213 0.101884253 -0.127824515 -0.026955802 0.023285570 0.991156936
1305031124.111331 -0.050255887 0.253870010 0.108176194 -0.124302015 -0.032198329 0.021413764 0.991490662
1305031124.147446 -0.054149125 0.257763952 0.108449548 -0.113684118 -0.031674329 0.019923242 0.992812037
1305031124.182694 -0.053039920 0.246751130 0.113133118 -0.114256807 -0.033577684 0.018655974 0.992708325
1305031124.211396 -0.050864603 0.235187247 0.117726833 -0.109086417 -0.035833560 0.016912395 0.993242204
1305031124.249327 -0.054626230 0.229066685 0.115957163 -0.103045844 -0.034877356 0.015933964 0.993937254
1305031124.282545 -0.053189140 0.221351638 0.118416131 -0.102639243 -0.040101361 0.015625209 0.993787169
1305031124.311361 -0.049195193 0.202044740 0.123866670 -0.103301406 -0.045889609 0.016698038 0.993450642
1305031124.350354 -0.050810285 0.198728740 0.125200868 -0.095668942 -0.048457865 0.015778769 0.994107783
1305031124.382420 -0.051406503 0.187572077 0.126716316 -0.092759229 -0.050059866 0.013363398 0.994339526
1305031124.411439 -0.049075462 0.173458934 0.131481931 -0.089528047 -0.052767131 0.013528201 0.994493484
1305031124.450245 -0.048298758 0.162782937 0.133282483 -0.082849264 -0.054244392 0.011330497 0.995020151
1305031124.480099 -0.049093101 0.147607088 0.134189695 -0.078408778 -0.054837190 0.008580987 0.995374978
1305031124.511324 -0.051420476 0.140447572 0.134632707 -0.070250548 -0.055367112 0.006292052 0.995971739
1305031124.550437 -0.052092217 0.128356114 0.135670379 -0.066616260 -0.056647088 0.003881624 0.996161759
1305031124.579404 -0.054187879 0.117688298 0.139314994 -0.062631145 -0.058418594 0.000883849 0.996325135
1305031124.611358 -0.051858064 0.103557311 0.143105596 -0.058875293 -0.061985392 -0.000129288 0.996339083
1305031124.651271 -0.053877436 0.091860600 0.144860297 -0.055238947 -0.063408785 -0.002885554 0.996453524
1305031124.679362 -0.049614843 0.076982103 0.152562857 -0.052587867 -0.067146190 -0.003975793 0.996348381
1305031124.711251 -0.049813967 0.066678092 0.154645786 -0.047973424 -0.066953734 -0.006180414 0.996582925
1305031124.749890 -0.051415354 0.052704625 0.156438187 -0.046517722 -0.066211306 -0.008595706 0.996683657
1305031124.779365 -0.051828988 0.040334642 0.161895379 -0.043324426 -0.067564517 -0.009235965 0.996731043
1305031124.811360 -0.053133693 0.030085357 0.165857643 -0.040950049 -0.068146914 -0.010054505 0.996783793
1305031124.850535 -0.052582029 0.015128509 0.171954572 -0.041926280 -0.069818459 -0.010201474 0.996626079
1305031124.879355 -0.047719810 0.001705321 0.180036888 -0.040133018 -0.071743511 -0.010833256 0.996556520
1305031124.911448 -0.048599482 -0.006180278 0.184651643 -0.038025584 -0.068931818 -0.011016390 0.996835530
1305031124.950730 -0.049594738 -0.018142985 0.191167921 -0.040973287 -0.067466646 -0.011604067 0.996812344
1305031124.979438 -0.052037191 -0.037014581 0.198158294 -0.041441157 -0.065829217 -0.010083354 0.996918976
1305031125.011454 -0.053837813 -0.048008360 0.200192764 -0.037397087 -0.067720205 -0.008161925 0.996969819
1305031125.050763 -0.051801432 -0.051511344 0.206706345 -0.033607952 -0.070681714 -0.008166165 0.996899128
1305031125.079364 -0.052128978 -0.065197952 0.211817563 -0.035774957 -0.069479100 -0.004835785 0.996930003
1305031125.111364 -0.052841712 -0.080980979 0.214498475 -0.036567561 -0.070367701 -0.004161982 0.996841967
1305031125.151013 -0.050172914 -0.085860461 0.220081851 -0.031230357 -0.071747512 -0.005890861 0.996916354
1305031125.179353 -0.053496614 -0.086699657 0.222888693 -0.029542660 -0.068388425 -0.005281643 0.997207284
1305031125.211320 -0.053975850 -0.103619352 0.226643503 -0.035243448 -0.067046396 -0.005228808 0.997113526
1305031125.250632 -0.057998125 -0.118258536 0.229587853 -0.034469653 -0.065748110 -0.008206088 0.997206986
1305031125.279467 -0.058566038 -0.121737547 0.231483102 -0.030778840 -0.065719463 -0.008886764 0.997323751
1305031125.311493 -0.056989014 -0.133776963 0.235707179 -0.031837177 -0.064682677 -0.008297810 0.997363389
1305031125.348880 -0.061109442 -0.138362482 0.236690864 -0.027152890 -0.062312409 -0.011533817 0.997620583
1305031125.379401 -0.057534616 -0.140887752 0.243356898 -0.026348805 -0.061941165 -0.015497122 0.997611582
1305031125.411335 -0.056267794 -0.145735502 0.245838091 -0.026200663 -0.055887461 -0.016016271 0.997964740
1305031125.451195 -0.058941681 -0.154355243 0.248673692 -0.029996160 -0.050159615 -0.018570531 0.998117924
1305031125.479424 -0.060191773 -0.163270190 0.252351582 -0.030172568 -0.045925412 -0.020158084 0.998285592
1305031125.511316 -0.060733944 -0.163572624 0.251889259 -0.029073298 -0.041938577 -0.020441769 0.998487890
1305031125.551020 -0.060215641 -0.165187344 0.254063100 -0.029590666 -0.039244507 -0.022214212 0.998544335
1305031125.579308 -0.059743054 -0.167320043 0.255510986 -0.031121129 -0.035985965 -0.024245849 0.998573303
1305031125.611533 -0.062267765 -0.175700411 0.254902512 -0.032142483 -0.031712461 -0.024955571 0.998668313
1305031125.650575 -0.067075938 -0.179137498 0.249222592 -0.028350690 -0.030038679 -0.022230411 0.998899221
1305031125.679328 -0.070940435 -0.170640066 0.241566598 -0.023076272 -0.032712720 -0.020821063 0.998981416
1305031125.711443 -0.067078307 -0.172150314 0.241741836 -0.022407675 -0.039660189 -0.019094735 0.998779476
1305031125.751260 -0.063358434 -0.158124328 0.237809420 -0.015650453 -0.043086223 -0.017021351 0.998803735
1305031125.779348 -0.061736226 -0.147309259 0.235628501 -0.014399125 -0.044688705 -0.019924339 0.998698473
1305031125.811573 -0.059907220 -0.138129845 0.231375143 -0.013884850 -0.044263981 -0.020696210 0.998708963
1305031125.847412 -0.062443074 -0.131649062 0.227363437 -0.016338404 -0.041867532 -0.023036007 0.998723924
1305031125.879318 -0.063206255 -0.122341998 0.222585410 -0.016007354 -0.042310867 -0.023467664 0.998700559
1305031125.911305 -0.066978790 -0.108643807 0.215934321 -0.018284161 -0.044349328 -0.022629470 0.998592377
1305031125.947343 -0.073527865 -0.104266807 0.210388765 -0.022514027 -0.048762091 -0.020818731 0.998339593
1305031125.979324 -0.069583252 -0.090546593 0.206941396 -0.021851199 -0.057333190 -0.017361306 0.997964978
1305031126.011333 -0.063139513 -0.076194376 0.206741720 -0.023112003 -0.064957261 -0.016541032 0.997483253
1305031126.047324 -0.055388886 -0.062184617 0.206272677 -0.025596702 -0.068832941 -0.014894286 0.997188568
1305031126.079356 -0.055488046 -0.046302974 0.203749418 -0.028348707 -0.067037508 -0.014479170 0.997242510
1305031126.111370 -0.055125881 -0.037776075 0.203045353 -0.032804810 -0.066288054 -0.015570465 0.997139573
1305031126.147432 -0.055555716 -0.018878449 0.199283138 -0.033103872 -0.064695284 -0.013578321 0.997263372
1305031126.179384 -0.055646036 -0.004752993 0.195562139 -0.039021213 -0.064643294 -0.012812601 0.997062922
1305031126.211319 -0.052638881 0.002685468 0.197766155 -0.044773869 -0.066381209 -0.012643500 0.996709108
1305031126.247298 -0.052265208 0.020073181 0.192956746 -0.046003845 -0.064925313 -0.012753521 0.996747553
1305031126.279363 -0.050849367 0.031444911 0.190893248 -0.050406024 -0.063343890 -0.013379250 0.996628225
1305031126.311332 -0.049999520 0.047102973 0.189252302 -0.053370267 -0.060491025 -0.014912231 0.996629357
1305031126.347363 -0.049969666 0.057400260 0.187867895 -0.057824489 -0.056769691 -0.016255094 0.996578813
1305031126.379423 -0.051203161 0.068779878 0.184359238 -0.061270799 -0.053330954 -0.017590396 0.996540129
1305031126.411465 -0.051677164 0.080052905 0.180601999 -0.065623745 -0.051514979 -0.019078458 0.996331155
1305031126.447361 -0.051104825 0.086989321 0.178004310 -0.070952490 -0.050228197 -0.017971968 0.996052146
1305031126.479533 -0.054727834 0.098060720 0.174162045 -0.072256155 -0.048898090 -0.015937187 0.996059239
1305031126.511410 -0.054085720 0.113387987 0.169901565 -0.073689505 -0.050822068 -0.013754906 0.995890439
1305031126.547374 -0.050671369 0.123258621 0.168559492 -0.079287581 -0.052429527 -0.013215948 0.995384336
1305031126.579454 -0.047675252 0.131974965 0.167791098 -0.083643265 -0.051408246 -0.010797475 0.995110273
1305031126.611528 -0.047618628 0.141539603 0.165061012 -0.088143185 -0.049354877 -0.009242857 0.994841397
1305031126.647376 -0.044597212 0.144304499 0.165317595 -0.093567021 -0.048755962 -0.007550329 0.994389772
1305031126.679479 -0.044337228 0.151181206 0.162998706 -0.094962291 -0.046400111 -0.003158311 0.994393885
1305031126.711583 -0.044030506 0.159283996 0.161014542 -0.096686140 -0.044788729 0.000540109 0.994306564
1305031126.747316 -0.041829165 0.159057066 0.158888221 -0.099738695 -0.043561686 0.003241699 0.994054377
1305031126.779379 -0.042096905 0.167821035 0.156131625 -0.097674288 -0.042162608 0.006366491 0.994304538
1305031126.811602 -0.039208561 0.172064051 0.154671043 -0.097733416 -0.040935092 0.007118960 0.994344950
1305031126.847343 -0.036906552 0.175731644 0.151135087 -0.097904436 -0.037739158 0.007595334 0.994451046
1305031126.879357 -0.037149634 0.179343835 0.150170684 -0.098127767 -0.035594299 0.008506842 0.994500697
1305031126.911364 -0.035939660 0.180446908 0.149755538 -0.098524541 -0.033958223 0.008198773 0.994521320
1305031126.947437 -0.036824323 0.181413382 0.146222129 -0.099356532 -0.032036271 0.009324959 0.994492352
1305031126.979337 -0.035791241 0.179699525 0.146182761 -0.100620918 -0.033461314 0.010880405 0.994302452
1305031127.011371 -0.035736237 0.180017143 0.145066336 -0.098981753 -0.034102973 0.011021220 0.994443655
1305031127.047297 -0.035000231 0.182155713 0.144777164 -0.097176261 -0.034747262 0.011887655 0.994589448
1305031127.079299 -0.036309097 0.179888695 0.144801021 -0.098467708 -0.034760281 0.012461394 0.994454920
1305031127.111435 -0.037687331 0.175947338 0.144166574 -0.099351071 -0.036218330 0.013331122 0.994303763
1305031127.147307 -0.037740327 0.171856612 0.145370051 -0.099078871 -0.039796736 0.013988889 0.994185030
1305031127.179349 -0.037591994 0.171955913 0.145710424 -0.096399896 -0.042723894 0.013605324 0.994332254
1305031127.211700 -0.036439843 0.171599731 0.148278311 -0.095069021 -0.044790853 0.013184595 0.994375110
1305031127.247374 -0.035751689 0.165912032 0.149523556 -0.094727241 -0.045141570 0.012719946 0.994397938
1305031127.279465 -0.037274018 0.165106609 0.149218410 -0.091753162 -0.044615719 0.010927659 0.994721770
1305031127.311362 -0.038053125 0.162196875 0.150611281 -0.092307590 -0.045417022 0.010282669 0.994641066
1305031127.347356 -0.037743095 0.155468464 0.154931918 -0.092140965 -0.047599975 0.010096510 0.994556367
1305031127.379262 -0.038492113 0.153885826 0.153756782 -0.089346834 -0.048024509 0.009510922 0.994796634
1305031127.411371 -0.039992873 0.154162854 0.155728593 -0.088178106 -0.048809245 0.008922309 0.994868159
1305031127.447333 -0.038839076 0.147824645 0.158826619 -0.088900357 -0.050786395 0.008634210 0.994707465
1305031127.479362 -0.041176755 0.148493737 0.158675641 -0.086107813 -0.050818007 0.007590842 0.994960010
1305031127.511356 -0.043054130 0.148726389 0.160135329 -0.086474724 -0.051292729 0.006108829 0.994913995
1305031127.547348 -0.041180070 0.142729715 0.163867801 -0.087994196 -0.053378854 0.006231390 0.994670272
1305031127.579345 -0.041654509 0.143435240 0.163799912 -0.085589476 -0.053622495 0.006162887 0.994867444
1305031127.611271 -0.042824563 0.144110888 0.163869068 -0.085387066 -0.053611878 0.005557545 0.994888902
1305031127.647358 -0.041616064 0.140717402 0.165940061 -0.087156542 -0.054498482 0.007041475 0.994677901
1305031127.679298 -0.042066649 0.138927817 0.168067142 -0.086018309 -0.055038162 0.008091220 0.994739294
1305031127.711375 -0.043210287 0.140797243 0.165031046 -0.084557809 -0.054980747 0.007249706 0.994874179
1305031127.747304 -0.041889858 0.139192030 0.168453261 -0.086020857 -0.056455363 0.007423193 0.994664848
1305031127.779346 -0.042568408 0.135908350 0.168526113 -0.085707769 -0.056235116 0.007353447 0.994704843
1305031127.811829 -0.043534730 0.136999235 0.167359069 -0.083714768 -0.056190617 0.006460886 0.994883299
1305031127.847366 -0.043656018 0.136436939 0.168039814 -0.083947338 -0.056418870 0.005257019 0.994857848
1305031127.879380 -0.044235118 0.134435788 0.167794123 -0.084582143 -0.056486618 0.004849202 0.994802296
1305031127.911476 -0.045615993 0.135096818 0.167667255 -0.083774723 -0.056867577 0.004591697 0.994850159
1305031127.947366 -0.045941770 0.135927543 0.167301700 -0.084223360 -0.057560947 0.004594303 0.994772375
1305031127.979371 -0.045277014 0.135464221 0.169924721 -0.085759424 -0.058869932 0.004608756 0.994564414
1305031128.011427 -0.044637900 0.135176554 0.172641486 -0.086818844 -0.059344511 0.004434471 0.994445145
1305031128.047369 -0.043126233 0.133960113 0.175635308 -0.089458302 -0.059054442 0.005745535 0.994221687
1305031128.079334 -0.043596774 0.130062446 0.177198336 -0.090506628 -0.058501627 0.006832910 0.994152665
1305031128.111391 -0.044502310 0.130095601 0.177817479 -0.089375511 -0.058236696 0.006802166 0.994270742
1305031128.147418 -0.042710405 0.128337070 0.179394200 -0.090769380 -0.059107002 0.008910488 0.994076371
1305031128.179350 -0.041423708 0.123644911 0.181935564 -0.091465645 -0.059566133 0.010012091 0.993974686
1305031128.211447 -0.041732989 0.125632107 0.181139827 -0.088715136 -0.059420861 0.010825634 0.994224131
1305031128.247480 -0.042099793 0.126100779 0.180009261 -0.088771515 -0.059570573 0.010893852 0.994209409
1305031128.279336 -0.041311961 0.122880481 0.182602018 -0.090037115 -0.060518757 0.011115334 0.994035840
1305031128.311483 -0.042658754 0.124024458 0.181746602 -0.088069655 -0.059828669 0.010200385 0.994263649
1305031128.347423 -0.043366350 0.124569543 0.181643233 -0.087818079 -0.059855744 0.009362373 0.994292557
1305031128.379404 -0.043864980 0.123139545 0.181785986 -0.088381529 -0.060118720 0.007793793 0.994240224
1305031128.411337 -0.044397164 0.122155614 0.182167068 -0.087875046 -0.059971090 0.006784419 0.994301438
1305031128.447296 -0.044974193 0.122639433 0.180897981 -0.087209202 -0.059812360 0.005381987 0.994378209
1305031128.479296 -0.045004077 0.121686220 0.181234255 -0.087546341 -0.060138717 0.004122548 0.994334996
1305031128.511433 -0.045044109 0.120115623 0.181079850 -0.087643713 -0.059923816 0.003539539 0.994341552
1305031128.547399 -0.044711746 0.120092511 0.181728348 -0.087440982 -0.059635647 0.002692199 0.994379401
1305031128.579455 -0.045001380 0.117435113 0.181800753 -0.087738819 -0.058896635 0.002783407 0.994396985
1305031128.611395 -0.045669392 0.116572753 0.180703133 -0.086665124 -0.058709424 0.002958199 0.994501710
1305031128.647352 -0.047726978 0.117252372 0.179080024 -0.085757412 -0.058935080 0.003105634 0.994566560
1305031128.679282 -0.047147773 0.115408853 0.180473968 -0.085959770 -0.060737830 0.002507751 0.994442344
1305031128.711457 -0.045946203 0.115724325 0.180314943 -0.084587082 -0.061167650 0.001928395 0.994534969
1305031128.747363 -0.046167023 0.116322376 0.179145589 -0.083617032 -0.060142118 0.001099787 0.994680822
