1305031910.765238 0.000000000 0.000000000 0.000000000 0.000000000 0.000000000 0.000000000 1.000000000
1305031910.797230 -0.009299962 -0.001795598 0.002651489 0.003773488 -0.003323272 -0.007476472 0.999959409
1305031910.835208 -0.013016720 -0.007595441 0.007727831 0.003359501 -0.010531924 -0.012789532 0.999857128
1305031910.865025 -0.022458432 -0.009612043 0.011212499 0.005086828 -0.016791910 -0.020940384 0.999626756
1305031910.897222 -0.026077555 -0.013642006 0.017075151 0.004687674 -0.027217479 -0.029875271 0.999172032
1305031910.935211 -0.027881859 -0.022781679 0.026022997 0.006053953 -0.033614580 -0.036166046 0.998761952
1305031910.965249 -0.037635002 -0.026761014 0.026394224 0.010926014 -0.037904847 -0.038437050 0.998482049
1305031910.997325 -0.060530879 -0.015998637 0.026383992 0.015983777 -0.041722540 -0.051294215 0.997683644
1305031911.035050 -0.072129540 -0.022239821 0.033372369 0.012568532 -0.051959876 -0.061301485 0.996686697
1305031911.065269 -0.090948045 -0.022928391 0.034667734 0.012547381 -0.065108620 -0.071155660 0.995258927
1305031911.097196 -0.094260186 -0.029369436 0.037229121 0.009414230 -0.085882567 -0.083218992 0.992779016
1305031911.135664 -0.096619762 -0.036464471 0.041146118 0.010734621 -0.101171575 -0.094945580 0.990269899
1305031911.165177 -0.102626584 -0.037834886 0.042000171 0.014806055 -0.114239000 -0.101930164 0.988099396
1305031911.197213 -0.109540857 -0.035025246 0.047167540 0.018167960 -0.126182824 -0.109137736 0.985817850
1305031911.235651 -0.121043362 -0.040525958 0.046589620 0.018907662 -0.135841519 -0.116344839 0.983693779
1305031911.265104 -0.126244932 -0.038185887 0.049272016 0.021669192 -0.147618085 -0.125235096 0.980844319
1305031911.297334 -0.126423895 -0.041187737 0.056940354 0.022058856 -0.159224004 -0.131874859 0.978146315
1305031911.333191 -0.136116639 -0.045239598 0.056338742 0.023113851 -0.167462677 -0.137407884 0.975982130
1305031911.365235 -0.136405244 -0.042909540 0.068619467 0.028292669 -0.176808149 -0.143806234 0.973271847
1305031911.397333 -0.145865172 -0.045909096 0.070310697 0.031975336 -0.180596039 -0.148227528 0.971797943
1305031911.433256 -0.155249089 -0.043613609 0.071012348 0.036906008 -0.186230645 -0.150733709 0.970172882
1305031911.465250 -0.164536268 -0.044515546 0.071527384 0.038243871 -0.193506494 -0.150695145 0.968702018
1305031911.497291 -0.171511248 -0.046300381 0.072254829 0.039947521 -0.205183551 -0.150447816 0.966265678
1305031911.533251 -0.171482280 -0.045695335 0.078460798 0.042721994 -0.218381882 -0.151355222 0.963107347
1305031911.565335 -0.177779570 -0.053853177 0.081416376 0.042980559 -0.228176311 -0.149964392 0.961040556
1305031911.597302 -0.190654039 -0.058100875 0.078798875 0.046769120 -0.238402843 -0.153196245 0.957866192
1305031911.633337 -0.196377233 -0.045846909 0.090113200 0.054660942 -0.249366656 -0.159174651 0.953672826
1305031911.665124 -0.202631965 -0.045660812 0.092230953 0.056477364 -0.257703215 -0.167311087 0.949950695
1305031911.697167 -0.203685477 -0.045201994 0.101197399 0.057943247 -0.268832296 -0.175665960 0.945258319
1305031911.733203 -0.198522046 -0.038392000 0.108003996 0.060653482 -0.279170305 -0.184462354 0.940403521
1305031911.765284 -0.202293783 -0.033102062 0.112398639 0.061282165 -0.285421878 -0.193323538 0.936698914
1305031911.797297 -0.205145001 -0.030294001 0.118645914 0.060383130 -0.291068405 -0.200789586 0.933443427
1305031911.833338 -0.212276623 -0.025399603 0.120086066 0.057906616 -0.295434743 -0.207943097 0.930658281
1305031911.865269 -0.218184456 -0.022926884 0.121925093 0.053045869 -0.303033620 -0.213559091 0.927226663
1305031911.897159 -0.222293183 -0.021282576 0.129248381 0.047560539 -0.312790036 -0.217911467 0.923263252
1305031911.933063 -0.226158351 -0.018992933 0.126014844 0.041499510 -0.323005378 -0.224450827 0.918459117
1305031911.965140 -0.229160786 -0.018514978 0.125357836 0.034015477 -0.336884409 -0.230295315 0.912313461
1305031911.997252 -0.231921956 -0.013869743 0.125952989 0.026319811 -0.353652418 -0.236432433 0.904619753
1305031912.033135 -0.231759399 -0.017243082 0.131065756 0.015392014 -0.367727965 -0.240738660 0.898100317
1305031912.065365 -0.228288904 -0.021251500 0.138278276 0.007393090 -0.380113572 -0.242471710 0.892561734
1305031912.096953 -0.224627152 -0.028715581 0.142178908 0.001086881 -0.388902664 -0.248866037 0.887028337
1305031912.133282 -0.228056669 -0.033839937 0.144844145 -0.000817916 -0.393411666 -0.257764071 0.882487535
1305031912.165138 -0.226773456 -0.030692615 0.147569835 0.005001771 -0.399086386 -0.268524647 0.876698077
1305031912.197357 -0.224162430 -0.037298858 0.150176018 0.006468141 -0.403917909 -0.281848252 0.870270073
1305031912.233265 -0.222567141 -0.039782431 0.152091175 0.010619229 -0.406397462 -0.292616814 0.865507782
1305031912.265090 -0.223931566 -0.045273967 0.151562020 0.014569615 -0.407620788 -0.301921576 0.861670673
1305031912.297250 -0.222234726 -0.048559308 0.154281780 0.026369562 -0.411850095 -0.306868881 0.857622087
1305031912.333274 -0.220775455 -0.047962103 0.152415872 0.036856648 -0.416151643 -0.306498319 0.855288327
1305031912.365250 -0.218912303 -0.049376931 0.150188670 0.041361205 -0.419249535 -0.306359708 0.853617489
1305031912.397198 -0.217079371 -0.041517898 0.147513971 0.048648711 -0.424762577 -0.307531506 0.850079060
1305031912.433290 -0.212140158 -0.045985453 0.153412536 0.048942585 -0.433894634 -0.314068675 0.843030810
1305031912.465142 -0.209032580 -0.047405314 0.153074548 0.049919132 -0.441196948 -0.320778817 0.836632729
1305031912.497123 -0.203585476 -0.045102689 0.154293507 0.048898995 -0.446792513 -0.326678395 0.831424415
1305031912.533113 -0.204421654 -0.044847835 0.154334739 0.045048427 -0.449310452 -0.330544740 0.828752637
1305031912.565146 -0.201464757 -0.044994041 0.160561100 0.041663870 -0.456201643 -0.332154989 0.824510336
1305031912.597090 -0.199066997 -0.051209889 0.162238806 0.034895986 -0.461415917 -0.332690030 0.821702480
1305031912.633132 -0.198487520 -0.055258207 0.160576746 0.031505987 -0.464515716 -0.334167719 0.819490373
1305031912.665220 -0.196647719 -0.054734819 0.157511830 0.029581908 -0.467677027 -0.338851511 0.815832555
1305031912.697182 -0.195856452 -0.063408569 0.159159556 0.024367230 -0.474947870 -0.344458312 0.809431434
1305031912.733125 -0.196402565 -0.056679722 0.156024143 0.024111867 -0.480503052 -0.351386040 0.803158343
1305031912.765193 -0.192849725 -0.062719822 0.170368209 0.022960696 -0.488524288 -0.357785046 0.795491517
1305031912.797155 -0.187362060 -0.061245713 0.173533663 0.024307312 -0.489486456 -0.361442298 0.793203413
1305031912.833077 -0.185551941 -0.064520068 0.177414328 0.023222890 -0.488191813 -0.363880992 0.792918682
1305031912.865153 -0.186516821 -0.072859094 0.175861865 0.021577885 -0.484537333 -0.366322279 0.794081807
1305031912.897198 -0.182445243 -0.073650800 0.180615634 0.024663258 -0.481909901 -0.366254866 0.795620501
1305031912.933115 -0.181663305 -0.074404523 0.179263726 0.025969634 -0.476294637 -0.363990903 0.799987316
1305031912.965034 -0.183395252 -0.076222464 0.178069606 0.030496636 -0.473019063 -0.365061760 0.801281989
1305031912.997049 -0.180321217 -0.077418581 0.177937329 0.037470058 -0.469669312 -0.364981711 0.802991390
1305031913.033133 -0.178391844 -0.083005667 0.179301620 0.038915053 -0.467949599 -0.361703455 0.805406332
1305031913.065209 -0.175435141 -0.078835800 0.177414283 0.042762093 -0.465654820 -0.356842339 0.808703005
1305031913.097038 -0.168606848 -0.078782566 0.179760486 0.044951674 -0.462542683 -0.348321378 0.814067423
1305031913.133146 -0.162981719 -0.075844966 0.181414828 0.047904242 -0.455378205 -0.338893026 0.821880400
1305031913.165211 -0.160963863 -0.075439140 0.189651757 0.049685176 -0.446710944 -0.325607210 0.831841767
1305031913.197113 -0.160603568 -0.074803270 0.191471145 0.050159749 -0.436496466 -0.312515736 0.842192829
1305031913.233126 -0.156180784 -0.078282006 0.186974928 0.048861444 -0.425548822 -0.298592508 0.852855980
1305031913.265022 -0.153808311 -0.074934423 0.189259574 0.049525853 -0.414046705 -0.280476749 0.864549220
1305031913.297160 -0.151994869 -0.073121615 0.200324908 0.050454237 -0.403029531 -0.263805658 0.874887526
1305031913.333122 -0.147042572 -0.078817487 0.195405796 0.048558556 -0.387917399 -0.247964680 0.886383474
1305031913.365070 -0.140951946 -0.074698329 0.203361854 0.051838152 -0.377428472 -0.237051725 0.893681765
1305031913.397099 -0.140721902 -0.075723343 0.203471839 0.052684896 -0.363343269 -0.226985648 0.902044058
1305031913.433081 -0.132440969 -0.079872787 0.206287906 0.055069923 -0.348855793 -0.216962919 0.910051644
1305031913.465231 -0.112705581 -0.083371662 0.214470848 0.058065273 -0.332233369 -0.201368570 0.919619560
1305031913.497227 -0.106638327 -0.084256276 0.218153432 0.058010783 -0.307224363 -0.183940262 0.931887269
1305031913.533297 -0.093419552 -0.077255972 0.222306132 0.060952682 -0.284649849 -0.167197153 0.941968322
1305031913.565261 -0.091053262 -0.077921495 0.218989134 0.060276415 -0.260442287 -0.153755993 0.951260030
1305031913.597139 -0.083083428 -0.081388094 0.213441268 0.061892498 -0.237992585 -0.139977664 0.959132493
1305031913.633293 -0.062710464 -0.056967713 0.227464169 0.072317906 -0.220821321 -0.124229424 0.964663208
1305031913.665421 -0.055184349 -0.050904635 0.225224286 0.069726273 -0.198496327 -0.107656971 0.971672535
1305031913.697243 -0.045313030 -0.047901157 0.218946844 0.064139187 -0.176869541 -0.088555515 0.978141725
1305031913.733097 -0.047086690 -0.046726588 0.200571656 0.058123097 -0.148940980 -0.077584885 0.984082758
1305031913.765028 -0.038532358 -0.045290112 0.191886738 0.050374337 -0.127391845 -0.064308643 0.988482773
1305031913.797106 -0.029954664 -0.037392635 0.188004673 0.043737266 -0.108841106 -0.049407370 0.991866708
1305031913.833143 -0.024506368 -0.040372878 0.182167768 0.034471516 -0.089853153 -0.034526993 0.994759262
1305031913.865063 -0.012228885 -0.038916226 0.170785546 0.029766656 -0.073109753 -0.019701434 0.996684849
1305031913.897116 0.003917458 -0.032045379 0.159259424 0.025875565 -0.058645435 -0.001849543 0.997941732
1305031913.933123 0.018403530 -0.031145684 0.148373425 0.021510465 -0.046212379 0.015830725 0.998574555
1305031913.965134 0.011750360 -0.028016111 0.128164202 0.021799825 -0.027339455 0.022820767 0.999127865
1305031913.997116 0.021486746 -0.024384793 0.119629376 0.018631846 -0.013700251 0.039016455 0.998970926
1305031914.033441 0.035403777 -0.021323852 0.115757920 0.018788878 -0.002887876 0.054984186 0.998306274
1305031914.065072 0.044491578 -0.012222534 0.106775030 0.020755688 0.010591014 0.066595130 0.997507989
1305031914.097126 0.055628005 -0.007994457 0.099911883 0.018947568 0.023705551 0.078466475 0.996454775
1305031914.133245 0.070650466 -0.003618541 0.092395090 0.018496063 0.033162955 0.087167114 0.995469749
1305031914.165013 0.091624498 0.002450979 0.081313804 0.019084854 0.041627660 0.099442504 0.993988991
1305031914.197110 0.105334647 0.009951356 0.073924258 0.021152409 0.052244343 0.105804883 0.992788196
1305031914.233108 0.125495225 0.015492442 0.066787712 0.025247125 0.063325308 0.111817271 0.991387606
1305031914.265074 0.146132544 0.017578447 0.056490265 0.032312334 0.075809926 0.115638919 0.989866853
1305031914.297165 0.161868632 0.030991482 0.049955036 0.040548310 0.086570114 0.116117753 0.988624334
1305031914.333148 0.173635185 0.047631755 0.037424464 0.042346179 0.094762750 0.113246650 0.988130569
1305031914.365058 0.185630277 0.059276346 0.029306695 0.037632544 0.097703420 0.111072905 0.988281667
1305031914.397215 0.199487656 0.065303989 0.022166742 0.031024292 0.097138524 0.110536411 0.988626957
1305031914.433060 0.222766295 0.074661210 0.015608213 0.026937997 0.094659209 0.109023981 0.989155054
1305031914.465054 0.243759498 0.082617059 0.004473944 0.023244932 0.092986792 0.108532101 0.989461422
1305031914.497127 0.267819613 0.092126213 -0.003153898 0.020189978 0.092699334 0.104470327 0.989992499
1305031914.533107 0.286866248 0.095880494 -0.018420007 0.014209436 0.094053052 0.100851975 0.990343869
1305031914.565001 0.306781590 0.102230385 -0.032242689 0.011222194 0.093340494 0.097762309 0.990759373
1305031914.597122 0.320368469 0.112531029 -0.038055085 0.007881609 0.097636454 0.090879180 0.991032779
1305031914.633055 0.349387944 0.129870847 -0.050030205 0.005360266 0.095084772 0.086188294 0.991716564
1305031914.665019 0.368205190 0.131526470 -0.058744028 -0.003007236 0.099099308 0.084759742 0.991456509
1305031914.697129 0.390284687 0.142849401 -0.065296859 -0.004467133 0.101902679 0.086411312 0.991024196
1305031914.733078 0.404192626 0.148852080 -0.069169022 -0.004892801 0.107258022 0.082694784 0.990774095
1305031914.764901 0.419531107 0.162608162 -0.078821912 -0.005920005 0.110329486 0.080717817 0.990594268
1305031914.797119 0.427786738 0.163818344 -0.081970297 -0.012685920 0.113818824 0.080623738 0.990143478
1305031914.833133 0.436597317 0.158166602 -0.086526893 -0.018776724 0.114620760 0.078898236 0.990093231
1305031914.865128 0.453110188 0.160700217 -0.098374918 -0.019499084 0.109357119 0.076329522 0.990875661
1305031914.897188 0.471453160 0.163698882 -0.102686830 -0.020364570 0.103422619 0.074475549 0.991636217
1305031914.933099 0.489300549 0.162620693 -0.108950756 -0.018739007 0.096189052 0.074285701 0.992410302
1305031914.964978 0.511457026 0.170756012 -0.117364913 -0.013325474 0.087003611 0.069734439 0.993674994
1305031914.997078 0.533435225 0.180937752 -0.125068322 -0.010407095 0.081434652 0.067308232 0.994348884
1305031915.033152 0.548074365 0.180611134 -0.129109561 -0.011183135 0.078630961 0.067586005 0.994547248
1305031915.065009 0.570539653 0.187823206 -0.135701999 -0.008575200 0.072551467 0.065871179 0.995150089
1305031915.097024 0.587943017 0.188697532 -0.140519544 -0.008364751 0.069866598 0.062937923 0.995533764
1305031915.133208 0.605576575 0.188907713 -0.144475967 -0.005956115 0.066968210 0.054172460 0.996265590
1305031915.165021 0.630018055 0.183456272 -0.160108358 -0.004584184 0.062328983 0.043909851 0.997078717
1305031915.197108 0.643273771 0.183533520 -0.165256396 0.001646507 0.060299613 0.031470638 0.997682750
1305031915.233111 0.663337886 0.196001559 -0.169415429 0.009507122 0.054671664 0.021625208 0.998224914
1305031915.264979 0.677744985 0.195481226 -0.173515484 0.009471959 0.050844826 0.012908468 0.998578191
1305031915.297152 0.688002706 0.197043017 -0.178325877 0.010906062 0.044855524 0.006198686 0.998914719
1305031915.333207 0.705269039 0.199610427 -0.179043680 0.012130879 0.033458970 -0.000373365 0.999366403
1305031915.365050 0.726490974 0.195544735 -0.184344083 0.010695206 0.020619275 -0.007745279 0.999700189
1305031915.397167 0.755076289 0.202526018 -0.185432598 0.013513586 0.005022939 -0.013991777 0.999798179
1305031915.432960 0.777005136 0.194362238 -0.188293874 0.011100353 -0.007867970 -0.023788430 0.999624431
1305031915.464920 0.793774128 0.200137660 -0.189613327 0.015939197 -0.018912580 -0.040658593 0.998866916
1305031915.497121 0.807560384 0.200895756 -0.193382114 0.014453813 -0.030394033 -0.056923911 0.997811079
1305031915.533058 0.833967149 0.193193316 -0.196347088 0.009698643 -0.046880666 -0.067185968 0.996591270
1305031915.564985 0.856593013 0.187295988 -0.198696896 0.009370543 -0.057532381 -0.080274671 0.995066941
1305031915.601161 0.890195966 0.182035685 -0.200657099 0.009421065 -0.066568531 -0.093762949 0.993321896
1305031915.633062 0.911618590 0.180392444 -0.199170589 0.010623646 -0.066945218 -0.102733918 0.992396712
1305031915.665003 0.925935626 0.170812964 -0.203100592 0.010544944 -0.065337256 -0.108747371 0.991863847
1305031915.701106 0.940838933 0.173122957 -0.205014393 0.015630899 -0.067182660 -0.113290884 0.991164625
1305031915.733046 0.940409899 0.177464336 -0.205754817 0.017243292 -0.068640001 -0.117112525 0.990593672
1305031915.765010 0.948266149 0.183212236 -0.209801793 0.015503215 -0.080103770 -0.122018598 0.989168584
1305031915.801243 0.969159961 0.168116942 -0.208175927 0.007604385 -0.099549659 -0.127567768 0.986792028
1305031915.833049 0.998184323 0.164839312 -0.201445684 0.009118617 -0.121814974 -0.135933161 0.983158231
1305031915.865069 1.017428637 0.166555181 -0.200077295 0.007912801 -0.136954114 -0.146743730 0.979615867
1305031915.901234 1.035573483 0.165083423 -0.194683403 0.005521646 -0.150962189 -0.157387808 0.975914478
1305031915.933056 1.053331017 0.161456615 -0.190444633 0.000938665 -0.161741629 -0.166379020 0.972705901
1305031915.965061 1.075367212 0.152782783 -0.180296764 -0.001076232 -0.172959477 -0.172345951 0.969732285
1305031916.001234 1.100491166 0.148517624 -0.178376541 -0.001391637 -0.182136133 -0.178980082 0.966845691
1305031916.033043 1.114978313 0.137179062 -0.173317418 -0.006322726 -0.186960369 -0.189696640 0.963857353
1305031916.065060 1.128024340 0.099472694 -0.169362977 -0.009440714 -0.194454998 -0.197188780 0.960840642
1305031916.101115 1.142068982 0.096727990 -0.165351599 0.010653731 -0.204017892 -0.198952377 0.958478570
1305031916.133093 1.153652906 0.086522400 -0.167072982 0.029894775 -0.217613310 -0.201021448 0.954641879
1305031916.165155 1.169478059 0.092357501 -0.175137773 0.055289458 -0.233016774 -0.206126019 0.948766708
1305031916.201031 1.194495559 0.105743326 -0.170213327 0.070720099 -0.254706264 -0.210386932 0.941201746
1305031916.233050 1.218011618 0.085412718 -0.160809532 0.073441863 -0.274259686 -0.208829656 0.935830176
1305031916.265060 1.240645885 0.073727064 -0.157159477 0.086050168 -0.288088173 -0.213550627 0.929514229
1305031916.301076 1.259854078 0.068060763 -0.151537403 0.100861005 -0.298029631 -0.220633894 0.923215091
1305031916.333426 1.282093048 0.057497017 -0.144987375 0.116521426 -0.306170076 -0.224220186 0.917827845
1305031916.365121 1.300893188 0.054577567 -0.143565014 0.138319761 -0.308764488 -0.230608270 0.912333250
1305031916.401006 1.316079140 0.047236104 -0.139875993 0.156477079 -0.307989031 -0.234059691 0.908775985
1305031916.433168 1.327889442 0.035153449 -0.149003878 0.169252589 -0.307391435 -0.230365068 0.907632113
1305031916.465124 1.334874988 0.031560332 -0.152078748 0.182666093 -0.309600055 -0.224231020 0.905815303
1305031916.501025 1.347232461 0.030997843 -0.154324815 0.194638088 -0.316609889 -0.218676463 0.902249873
1305031916.533266 1.344934940 0.019209076 -0.160581738 0.204464942 -0.326317936 -0.216127038 0.897217810
1305031916.565142 1.361571074 0.019045815 -0.159041360 0.216977328 -0.340330034 -0.212206289 0.889980197
1305031916.601238 1.385824084 0.015406238 -0.152818635 0.223267362 -0.356676012 -0.209995449 0.882516742
1305031916.633156 1.389926672 0.001313508 -0.149657339 0.228354365 -0.368903250 -0.209932074 0.876181006
1305031916.665139 1.401189327 -0.001874985 -0.132631749 0.238103196 -0.379417807 -0.210481703 0.868934095
1305031916.701048 1.394467354 -0.016199905 -0.137621358 0.243511304 -0.382218778 -0.214510068 0.865214705
1305031916.733056 1.404883146 -0.024386181 -0.131685704 0.250698894 -0.391115367 -0.213344201 0.859455109
1305031916.765076 1.408896327 -0.031851459 -0.123189144 0.257769138 -0.399506688 -0.210166141 0.854271412
1305031916.801088 1.416408658 -0.040182013 -0.113489121 0.264811218 -0.409104794 -0.203953564 0.849064887
1305031916.833266 1.424003482 -0.053145409 -0.099461794 0.271408945 -0.418349147 -0.200704679 0.843231201
1305031916.865085 1.432057142 -0.067192338 -0.093836814 0.276422590 -0.427104354 -0.197768018 0.837890327
1305031916.901017 1.434810281 -0.080384538 -0.084907144 0.281829566 -0.437019557 -0.193397954 0.831975460
1305031916.933088 1.441127896 -0.088698916 -0.060667064 0.290735155 -0.447964340 -0.188408479 0.824198544
1305031916.965054 1.446884751 -0.089582250 -0.057236839 0.298664391 -0.454053164 -0.185444117 0.818685353
1305031917.001132 1.447884560 -0.109242506 -0.058161039 0.303250223 -0.461023659 -0.182239771 0.813809037
1305031917.033155 1.435528159 -0.137345076 -0.058597989 0.310864717 -0.467832565 -0.176739678 0.808244288
1305031917.065136 1.444489241 -0.142095536 -0.044158909 0.326715529 -0.475107312 -0.171464622 0.798830330
1305031917.101130 1.450861335 -0.146997869 -0.016387144 0.343378603 -0.481209993 -0.169919923 0.788451195
1305031917.133106 1.453194141 -0.139869243 -0.010073010 0.363007247 -0.482693732 -0.167244300 0.779270053
1305031917.165045 1.453999043 -0.138949037 -0.010885925 0.380361319 -0.484187514 -0.161061570 0.771328032
1305031917.201175 1.459430456 -0.136729732 -0.011764050 0.395563990 -0.484779954 -0.155250371 0.764470339
1305031917.233102 1.463975906 -0.135605916 -0.011992455 0.406031251 -0.485959440 -0.147431120 0.759767175
1305031917.265163 1.472901225 -0.130893245 -0.012138501 0.416310012 -0.489048839 -0.139280662 0.753736079
1305031917.301107 1.492591977 -0.153747961 -0.015451397 0.420105249 -0.495276064 -0.132455051 0.748778284
1305031917.333229 1.495931149 -0.223336503 -0.036066670 0.414644003 -0.501843691 -0.134203374 0.747136354
1305031917.365138 1.528165579 -0.220381215 0.015017183 0.416379601 -0.512660623 -0.132484213 0.739090681
1305031917.401065 1.512964487 -0.224349111 -0.028283045 0.409369856 -0.508748055 -0.137142226 0.744838059
1305031917.433141 1.517714262 -0.209664822 -0.012877321 0.405390799 -0.509728253 -0.138409331 0.746108770
1305031917.465076 1.517540455 -0.200736806 0.001994431 0.397322208 -0.508191586 -0.143321827 0.750556588
1305031917.501158 1.516438961 -0.194154069 0.023940543 0.385973811 -0.506625056 -0.150261819 0.756159127
1305031917.533057 1.524093390 -0.223675832 0.012803411 0.367537588 -0.506006122 -0.160265878 0.763667941
1305031917.565195 1.524093151 -0.206804723 0.033727318 0.358989626 -0.504876912 -0.169137120 0.766562700
1305031917.601069 1.533518434 -0.204664692 0.027061934 0.345037222 -0.503426433 -0.179061234 0.771652877
1305031917.633090 1.544529200 -0.231470808 0.019220207 0.328588217 -0.504349172 -0.189813182 0.775649846
1305031917.665060 1.549978852 -0.231574416 0.016497167 0.315719038 -0.504783690 -0.196908399 0.778936446
1305031917.701096 1.556532145 -0.226049885 0.025128767 0.303442597 -0.506833971 -0.201264888 0.781366944
1305031917.733003 1.560512424 -0.204608411 0.036626544 0.292428315 -0.509120345 -0.203730345 0.783438623
1305031917.765114 1.573295236 -0.211037979 0.046542436 0.276525080 -0.512601852 -0.210859552 0.785055041
1305031917.801048 1.582019567 -0.199396610 0.057980560 0.259591848 -0.513564467 -0.217399195 0.788416862
1305031917.833090 1.600508332 -0.206876561 0.056395005 0.238685355 -0.515315592 -0.225022331 0.791734815
1305031917.865107 1.615390062 -0.217019752 0.059947703 0.219332948 -0.515750825 -0.236505851 0.793699622
1305031917.901060 1.625578523 -0.222986847 0.065158308 0.201967269 -0.513999760 -0.247748047 0.796011567
1305031917.932948 1.636118889 -0.219948515 0.068264954 0.184466153 -0.510063291 -0.258445948 0.799383104
1305031917.965346 1.636121154 -0.238959178 0.075163499 0.162850887 -0.506978512 -0.269553661 0.802367210
1305031918.001098 1.645831943 -0.241839424 0.085734487 0.148653567 -0.504566610 -0.277132750 0.804059744
1305031918.033144 1.663658619 -0.240825146 0.095024094 0.135072961 -0.502582014 -0.289389372 0.803380609
1305031918.065137 1.663426161 -0.250521332 0.105138615 0.120277226 -0.500503421 -0.304001868 0.801631212
1305031918.101060 1.668481588 -0.268272191 0.113833450 0.106794454 -0.502537549 -0.315643013 0.797759593
1305031918.133054 1.684851885 -0.256570935 0.133366451 0.104149707 -0.505044639 -0.327126354 0.791878164
1305031918.165017 1.688927650 -0.278222442 0.152767658 0.089894257 -0.505573928 -0.336455673 0.789374232
1305031918.201086 1.701566219 -0.281550199 0.167151168 0.083308093 -0.503631055 -0.341956675 0.788974762
1305031918.233042 1.711736083 -0.285829961 0.182754904 0.074805528 -0.500414550 -0.350877196 0.787955999
1305031918.265256 1.718020797 -0.290109783 0.196765825 0.066236846 -0.494783700 -0.360679805 0.787852705
1305031918.301124 1.734008908 -0.303881109 0.222011790 0.054768808 -0.493428171 -0.369511694 0.785487175
1305031918.333165 1.742174029 -0.313974887 0.237804681 0.045137979 -0.486634135 -0.383518577 0.783621907
1305031918.365072 1.754230142 -0.326711684 0.256980509 0.038097825 -0.482493579 -0.393227667 0.781741917
1305031918.401030 1.761545658 -0.328502506 0.279977053 0.032448009 -0.474860370 -0.402192354 0.782110035
1305031918.433043 1.766432047 -0.334586263 0.297662675 0.022824610 -0.465053171 -0.413481951 0.782455921
1305031918.465089 1.776517749 -0.347055912 0.331197262 0.014702654 -0.461562485 -0.419713646 0.781399012
1305031918.501125 1.782886267 -0.358006239 0.352123767 0.011750907 -0.453771740 -0.425917894 0.782653868
1305031918.533134 1.792585969 -0.371215552 0.373529047 0.007851130 -0.448291183 -0.429508328 0.783897936
1305031918.565018 1.797258496 -0.377925396 0.393983513 0.003587061 -0.442434669 -0.434184223 0.784680009
1305031918.601029 1.800907850 -0.389002830 0.411080807 0.000402222 -0.436638594 -0.437645316 0.786010921
1305031918.633027 1.806843758 -0.396870881 0.430073261 -0.000763779 -0.434403241 -0.440857828 0.785453737
1305031918.665112 1.811483860 -0.407447308 0.444788992 -0.003525982 -0.432033300 -0.446978569 0.783291101
1305031918.701017 1.815492153 -0.419648498 0.456677616 -0.008213802 -0.431020766 -0.451203525 0.781389117
1305031918.765151 1.825247765 -0.462679088 0.491859883 -0.012288734 -0.434825301 -0.464950502 0.771101117
1305031918.801097 1.828318357 -0.476819664 0.504493952 -0.003929647 -0.432258993 -0.476493418 0.765565634
1305031918.833123 1.833871603 -0.486983448 0.515592396 0.005406163 -0.430560201 -0.486184210 0.760403574
1305031918.865115 1.836789370 -0.491180450 0.522467613 0.015348696 -0.429825544 -0.495754480 0.754481196
1305031918.901084 1.837633729 -0.509825230 0.533215761 0.021127691 -0.434123039 -0.506668270 0.744565666
1305031918.933071 1.840908885 -0.520344138 0.543259203 0.027555887 -0.440848500 -0.516162038 0.733805180
1305031918.965058 1.843621969 -0.531557024 0.554672480 0.033435274 -0.448259354 -0.526577711 0.721568823
1305031919.001053 1.845510840 -0.541161358 0.566243589 0.039505988 -0.455721349 -0.535670757 0.709798634
1305031919.033082 1.849184394 -0.553530216 0.583901465 0.041448679 -0.467853427 -0.541308284 0.697409868
1305031919.065147 1.850858331 -0.560982704 0.598290145 0.041947600 -0.476134866 -0.548688293 0.685913444
1305031919.101028 1.851648688 -0.571307600 0.609184861 0.043740246 -0.483084530 -0.557424009 0.673791170
1305031919.133133 1.850509405 -0.585977376 0.626148045 0.043114450 -0.491499692 -0.565016866 0.661305666
1305031919.165110 1.853280425 -0.591224670 0.641544878 0.045830056 -0.498215824 -0.570334494 0.651459217
1305031919.201124 1.855144501 -0.605763674 0.651945591 0.042387608 -0.504806399 -0.576684177 0.640943944
1305031919.233093 1.852907777 -0.612146378 0.662219226 0.042756204 -0.512380540 -0.584957659 0.627265990
1305031919.265125 1.855155230 -0.624756157 0.669506669 0.045039162 -0.520851552 -0.595983028 0.609499276
1305031919.301119 1.853994131 -0.632036269 0.673542857 0.047679413 -0.526781023 -0.604979694 0.595170557
1305031919.333120 1.868682384 -0.636714995 0.701113701 0.053553615 -0.544523239 -0.602327645 0.581229627
1305031919.364948 1.869945526 -0.662319541 0.718104839 0.045108013 -0.556401253 -0.607413232 0.565183222
1305031919.401124 1.874063134 -0.672997594 0.725547254 0.043908130 -0.562232435 -0.612864554 0.553501427
1305031919.433256 1.882507563 -0.685702384 0.746727347 0.042704344 -0.573697388 -0.614290774 0.540087402
1305031919.465070 1.887218237 -0.705940902 0.760706425 0.039062586 -0.580575168 -0.619158328 0.527304113
1305031919.501049 1.891331196 -0.725736678 0.770782530 0.036126755 -0.584379494 -0.623095334 0.518601596
1305031919.533110 1.891219258 -0.748511493 0.783796310 0.036167178 -0.587574661 -0.625924885 0.511532903
1305031919.565165 1.894451261 -0.762271166 0.794699371 0.039840043 -0.591706812 -0.624486625 0.508244216
1305031919.601094 1.896668196 -0.777040482 0.803099811 0.041682761 -0.595178068 -0.625066161 0.503306985
1305031919.633127 1.890008330 -0.796651781 0.809623301 -0.040742368 0.602290928 0.623706102 -0.496564597
1305031919.665042 1.890968561 -0.821463704 0.824942768 -0.040837854 0.613432109 0.618192017 -0.489767194
1305031919.701092 1.899580836 -0.838916957 0.825577021 -0.048471726 0.615876615 0.616685033 -0.487899601
1305031919.733117 1.885940313 -0.862358332 0.839897990 -0.048353661 0.623773277 0.610251069 -0.485965461
1305031919.765060 1.883848786 -0.865902126 0.844408691 -0.050059643 0.628733158 0.603673458 -0.487613618
1305031919.801129 1.892960906 -0.863786519 0.844145834 -0.053790268 0.635752022 0.596013665 -0.487538368
1305031919.833072 1.892515659 -0.866256654 0.851408124 -0.051835306 0.646336317 0.590527356 -0.480458021
1305031919.865180 1.885777593 -0.861913979 0.855791926 -0.046394397 0.652816832 0.590208650 -0.472579598
1305031919.901067 1.869349003 -0.881474912 0.855396211 -0.036459066 0.660072744 0.588946164 -0.464883864
1305031919.933102 1.861696601 -0.888724387 0.862605691 -0.032046214 0.668675065 0.581864595 -0.461822778
1305031919.965129 1.847543359 -0.895984232 0.876256108 -0.025381152 0.677754879 0.574864984 -0.457749277
1305031920.001054 1.837772489 -0.906076491 0.875863135 -0.020729808 0.684439361 0.568011880 -0.456591249
1305031920.033118 1.833740115 -0.911754847 0.880598128 -0.014700380 0.692770541 0.562485158 -0.451069146
1305031920.065136 1.809763670 -0.933888614 0.898326218 0.003367927 0.706993222 0.555547297 -0.437625885
1305031920.101055 1.800248504 -0.936145306 0.910892963 0.004538077 0.717747331 0.549455106 -0.427688301
1305031920.132987 1.791463733 -0.941231072 0.918382347 0.005766439 0.723418772 0.548200846 -0.419652075
1305031920.165140 1.768633842 -0.952503502 0.936943531 0.012171975 0.729838252 0.545147240 -0.412313551
1305031920.201166 1.750473261 -0.957145393 0.951162696 0.012079390 0.731052399 0.545261741 -0.410007507
1305031920.233083 1.731612206 -0.968941689 0.955318153 0.011763472 0.728321850 0.545342207 -0.414741784
1305031920.265120 1.715167761 -0.968266606 0.963117838 0.006575273 0.726789474 0.541507661 -0.422496438
1305031920.301096 1.686427832 -0.973347545 0.980620265 0.007973830 0.725878000 0.535313249 -0.431830108
1305031920.333124 1.673769712 -0.972567260 0.981234372 0.002739254 0.721094489 0.528109074 -0.448459625
1305031920.365130 1.663347125 -0.971645176 0.991618335 -0.002408672 0.717289567 0.520614028 -0.463088393
1305031920.401115 1.645558476 -0.980222881 0.989566326 -0.004850241 0.709902048 0.515699863 -0.479655266
1305031920.433123 1.633764148 -0.981761217 0.994344354 -0.010731441 0.705297530 0.507588327 -0.494766980
1305031920.465148 1.626539588 -0.976602376 0.992135704 0.017621823 -0.699769080 -0.499740958 0.510168195
1305031920.501107 1.616137981 -0.989246190 0.983875453 0.025494348 -0.695170045 -0.497330189 0.518412352
1305031920.533105 1.602033019 -0.996178210 0.984250188 0.028919527 -0.692647815 -0.491989493 0.526639462
1305031920.565153 1.585188150 -1.009090543 0.982245743 0.029327421 -0.691429079 -0.489521801 0.530503631
1305031920.633105 1.570035458 -1.018689036 0.987852931 0.037983458 -0.690701306 -0.473403066 0.545324206
1305031920.665129 1.556451797 -1.019199729 0.995125532 0.042014509 -0.686719239 -0.464322329 0.557724178
1305031920.701147 1.545601726 -1.022736788 0.994635463 0.048142195 -0.676801324 -0.455577701 0.576256216
1305031920.733091 1.538422942 -1.032740831 0.997754097 0.057022978 -0.668911695 -0.446018904 0.591922820
1305031920.765152 1.524083972 -1.031288862 1.000146508 0.063846894 -0.659471154 -0.436561912 0.608633816
1305031920.801031 1.519061089 -1.044747591 0.998750150 0.070455886 -0.649920404 -0.427820057 0.624187052
1305031920.833132 1.511913419 -1.047014594 1.001876831 0.077286139 -0.643432319 -0.419460714 0.635668457
1305031920.865163 1.501433611 -1.043635845 1.003515601 0.084541649 -0.636833727 -0.411693126 0.646377742
1305031920.901037 1.493118525 -1.055588841 1.003521681 0.088363931 -0.629581988 -0.402880996 0.658411145
1305031920.933077 1.483977675 -1.062976956 1.018691897 0.089977875 -0.624066591 -0.392547518 0.669590414
1305031920.965217 1.477403760 -1.069330215 1.018743396 0.092448674 -0.614282370 -0.386053681 0.681962609
1305031921.001108 1.471967101 -1.076282740 1.018369317 0.095561795 -0.604340613 -0.379844636 0.693799973
1305031921.033111 1.462515831 -1.084647536 1.024930358 0.100293860 -0.595832169 -0.376536131 0.702243388
1305031921.065147 1.453377962 -1.092975736 1.031712770 0.102521613 -0.586957037 -0.374075830 0.710660219
1305031921.101105 1.444336295 -1.100801826 1.034768701 0.102055125 -0.577749908 -0.371282220 0.719680011
1305031921.133159 1.435824156 -1.101550937 1.040153980 0.103307500 -0.567217350 -0.372378111 0.727273405
1305031921.165116 1.430526972 -1.113767028 1.046318889 0.101894528 -0.556970000 -0.374239475 0.734402299
1305031921.201159 1.418201447 -1.123455048 1.046285629 0.104691409 -0.545361459 -0.376691729 0.741433680
1305031921.233189 1.409239531 -1.135720968 1.052676201 0.109219350 -0.537027597 -0.375932485 0.747226357
1305031921.265164 1.402053952 -1.143855810 1.050314188 0.113209799 -0.528837025 -0.373787314 0.753523707
1305031921.301188 1.397946358 -1.147991300 1.052212954 0.117234573 -0.523215711 -0.371469885 0.757965386
1305031921.333158 1.394659996 -1.147293448 1.064322710 0.119968362 -0.520709634 -0.366935313 0.761464059
1305031921.365112 1.385400057 -1.155692697 1.053049564 0.118137062 -0.513187408 -0.362697333 0.768851697
1305031921.401108 1.386883020 -1.155299902 1.065390944 0.121894851 -0.509537160 -0.358743906 0.772538900
1305031921.433143 1.382574797 -1.161556959 1.068294048 0.122859940 -0.503498495 -0.354164422 0.778435767
1305031921.465014 1.382462144 -1.170155048 1.075774908 0.121727012 -0.498961180 -0.347783327 0.784389555
1305031921.501096 1.378468752 -1.175872207 1.081134558 0.121923827 -0.491378456 -0.340660483 0.792232394
1305031921.533099 1.363644004 -1.197238088 1.073107362 0.119053505 -0.478088737 -0.340606600 0.800777495
1305031921.565119 1.355461597 -1.205288172 1.081014156 0.123940863 -0.468810380 -0.331970572 0.809105098
1305031921.601114 1.356122375 -1.211868525 1.078818679 0.130677253 -0.457332581 -0.328397572 0.816042542
1305031921.633107 1.366113186 -1.231872797 1.094157457 0.125701040 -0.451555878 -0.316056639 0.824866474
1305031921.701068 1.361025810 -1.254669189 1.105973959 0.126958504 -0.420764983 -0.301554382 0.846110702
1305031921.733068 1.354004264 -1.250406027 1.114037752 0.132719919 -0.399347693 -0.295423418 0.857689857
1305031921.765060 1.348022103 -1.256937981 1.122021914 0.132341638 -0.381265879 -0.288721681 0.868194580
1305031921.801034 1.340340376 -1.257784605 1.113591075 0.132388204 -0.362829417 -0.284835219 0.877323806
1305031921.833122 1.328345656 -1.269469261 1.119561434 0.125072792 -0.352046251 -0.282239825 0.883606732
1305031921.865148 1.325147152 -1.254588127 1.125628471 0.130515218 -0.344885200 -0.275470495 0.887770176
1305031921.901117 1.327176690 -1.250194907 1.138800979 0.132582441 -0.339393646 -0.273777843 0.890100837
1305031921.933132 1.315948725 -1.257415533 1.141876101 0.127692357 -0.328608602 -0.271434665 0.895563662
1305031921.965107 1.308835864 -1.260181546 1.148810863 0.127457201 -0.318627506 -0.265067995 0.901093841
1305031922.001101 1.305531025 -1.260534167 1.150557876 0.128027990 -0.304723322 -0.258737385 0.907638431
1305031922.033170 1.292085171 -1.260817766 1.155414224 0.127064049 -0.290497750 -0.253964990 0.913765609
1305031922.101032 1.283400655 -1.265060067 1.159679651 0.123527557 -0.269746155 -0.242200881 0.923751414
1305031922.133245 1.275897503 -1.265682936 1.162775278 0.122545324 -0.260300696 -0.237542078 0.927793026
1305031922.165062 1.272793531 -1.260934830 1.162759185 0.122240297 -0.249536663 -0.231088206 0.932409227
1305031922.201057 1.266048193 -1.263865113 1.165393472 0.119393498 -0.240768969 -0.227525920 0.935952663
1305031922.233248 1.263679862 -1.266800642 1.168951273 0.118334390 -0.233127415 -0.225435287 0.938524127
1305031922.265183 1.265787363 -1.267211556 1.169650555 0.115979776 -0.224806726 -0.221862778 0.941693962
1305031922.301137 1.254736304 -1.265390635 1.164187670 0.113022149 -0.210062891 -0.222146079 0.945383906
1305031922.333215 1.250501513 -1.262196064 1.166060805 0.110176504 -0.197688743 -0.221196130 0.948605597
1305031922.365143 1.243246198 -1.259552479 1.166710854 0.107449144 -0.187057972 -0.219320297 0.951505423
1305031922.401139 1.243734837 -1.261725068 1.164613247 0.103307419 -0.179308563 -0.218252614 0.953698993
1305031922.465219 1.233957291 -1.254720688 1.173776269 0.095890000 -0.158789113 -0.214921802 0.958853304
1305031922.501312 1.227980852 -1.253220439 1.171516538 0.092705458 -0.149609536 -0.213162377 0.961033046
1305031922.533139 1.224628210 -1.248476028 1.177208066 0.088254564 -0.142153040 -0.209688589 0.963345408
1305031922.565031 1.225744843 -1.253602624 1.176481009 0.083838835 -0.136638626 -0.210111335 0.964444995
1305031922.601111 1.224816203 -1.251819849 1.182344913 0.081088550 -0.126926288 -0.209976092 0.966035426
1305031922.665318 1.220344305 -1.250922203 1.182309628 0.076765463 -0.111257739 -0.209504738 0.968419611
1305031922.701355 1.222607136 -1.256645799 1.185849786 0.073227406 -0.102320567 -0.207236215 0.970165670
1305031922.733235 1.215153337 -1.256125689 1.191619039 0.074233890 -0.093202703 -0.201436549 0.972227275
1305031922.765373 1.213624120 -1.255597234 1.191877127 0.076822713 -0.085457876 -0.195642233 0.973919570
1305031922.801220 1.214941263 -1.255957007 1.192637563 0.079265416 -0.078231998 -0.188636124 0.975711644
1305031922.833262 1.215070605 -1.256160498 1.192336321 0.081605218 -0.070248388 -0.184298739 0.976954281
1305031922.865045 1.216329217 -1.255474091 1.193223119 0.085099816 -0.061069891 -0.178079188 0.978425443
1305031922.901109 1.220606565 -1.258017302 1.196964383 0.088923529 -0.054419506 -0.172769099 0.979429424
1305031922.965220 1.224044204 -1.251231074 1.199220419 0.092586070 -0.042222690 -0.162060574 0.981519997
1305031923.001054 1.233219743 -1.254656315 1.202930689 0.091439731 -0.041355383 -0.159351617 0.982107699
1305031923.065085 1.229407907 -1.251411319 1.203406096 0.090850390 -0.029050900 -0.149758443 0.984111130
1305031923.101056 1.242813945 -1.253287435 1.205438972 0.091210060 -0.028602671 -0.146987498 0.984508634
1305031923.133238 1.247442365 -1.260153294 1.202759385 0.088484019 -0.022037053 -0.145109668 0.985204637
1305031923.165168 1.239818335 -1.262595057 1.201958060 0.089671656 -0.012878089 -0.142147943 0.985691190
1305031923.201181 1.251232982 -1.260592103 1.200892925 0.098619975 -0.009098594 -0.140997350 0.985043645
1305031923.265159 1.269171476 -1.250781298 1.204738140 0.106779933 0.003603452 -0.129661813 0.985785425
1305031923.301183 1.270721912 -1.247327447 1.205223441 0.105134338 0.012085751 -0.119879700 0.987131953
1305031923.333169 1.275231481 -1.241413951 1.206766367 0.105438448 0.017423887 -0.110565163 0.988106489
1305031923.365230 1.285919189 -1.240646839 1.203149915 0.103734672 0.021895841 -0.104292221 0.988879561
1305031923.401139 1.298192143 -1.237061143 1.202374816 0.098259501 0.026986536 -0.096349247 0.990118027
1305031923.433112 1.303333521 -1.238532901 1.201844454 0.094897009 0.034793340 -0.088125058 0.990968168
1305031923.465290 1.309055567 -1.237593412 1.201603770 0.094070919 0.043149319 -0.080213614 0.991390228
1305031923.501145 1.313142657 -1.241791248 1.196730494 0.096186034 0.049567621 -0.073259421 0.991425455
1305031923.533199 1.322092891 -1.238216400 1.193304896 0.104610607 0.052967869 -0.066314347 0.990885139
1305031923.565198 1.325484037 -1.235224247 1.184191942 0.108980775 0.056326382 -0.060357399 0.990609646
1305031923.601069 1.333755255 -1.231357455 1.175255656 0.114117786 0.057402611 -0.056251809 0.990210950
1305031923.633244 1.345840573 -1.225631237 1.167295456 0.116813995 0.057923477 -0.049939133 0.990204751
1305031923.665141 1.356994271 -1.223199248 1.160572171 0.118790574 0.058001973 -0.042414922 0.990315914
1305031923.701144 1.363704443 -1.218444705 1.150001526 0.121609867 0.060659841 -0.038737394 0.989965081
1305031923.733145 1.372040391 -1.212995410 1.140408754 0.121669896 0.062418435 -0.034420654 0.990007877
1305031923.765175 1.383944869 -1.209114075 1.133962512 0.124263652 0.063610159 -0.033027966 0.989657223
1305031923.801150 1.392169356 -1.200374961 1.121357918 0.123811550 0.067445375 -0.034422584 0.989412427
1305031923.833045 1.404419303 -1.197969317 1.117776394 0.124172017 0.068519123 -0.031875931 0.989378810
1305031923.865161 1.409722090 -1.189633369 1.104439497 0.130385399 0.069789633 -0.034379769 0.988406360
1305031923.901121 1.419115424 -1.183510184 1.095885992 0.134895787 0.071247898 -0.038411479 0.987548172
1305031923.933140 1.425619245 -1.171242833 1.081986547 0.139768079 0.074875280 -0.044645417 0.986339390
1305031923.965198 1.439336181 -1.160110712 1.073110461 0.136901170 0.077366203 -0.051155299 0.986233056
1305031924.001096 1.446781516 -1.157250047 1.067429662 0.133984700 0.080624007 -0.049070869 0.986478567
1305031924.033250 1.457787991 -1.146633506 1.058159471 0.142436281 0.083897896 -0.052093990 0.984865069
1305031924.065224 1.464119792 -1.136675954 1.045496106 0.140817434 0.088695042 -0.048422452 0.984864891
1305031924.101175 1.472862601 -1.132651210 1.038333774 0.134994715 0.090608828 -0.045425452 0.985648513
1305031924.133285 1.481948137 -1.124834061 1.031680465 0.137265220 0.091082580 -0.048555687 0.985141873
1305031924.165591 1.490020037 -1.112101912 1.020890832 0.136237592 0.090973958 -0.050288606 0.985207677
1305031924.201130 1.498880386 -1.106285930 1.016524076 0.134049639 0.087095618 -0.050626278 0.985840797
1305031924.233238 1.507488966 -1.094767332 1.005726457 0.136273310 0.083178125 -0.056391854 0.985561252
1305031924.265335 1.515897632 -1.088358164 0.999918044 0.135184482 0.080055408 -0.057746567 0.985891283
1305031924.301099 1.525337815 -1.077734709 0.988408923 0.134535447 0.077257358 -0.059426494 0.986103415
1305031924.333113 1.533929348 -1.069026351 0.979635596 0.132144257 0.073834740 -0.059092745 0.986708879
1305031924.365169 1.541697025 -1.059633851 0.972130060 0.132263228 0.068679787 -0.060529772 0.986978054
1305031924.401095 1.547306418 -1.049352407 0.960111439 0.131788343 0.062789619 -0.063511029 0.987246513
1305031924.433069 1.554737210 -1.042221189 0.952704370 0.130074203 0.056520879 -0.065316342 0.987734735
1305031924.465394 1.561209440 -1.035350084 0.945110798 0.130982369 0.051543031 -0.068501413 0.987671256
1305031924.501116 1.564527631 -1.026623487 0.930463910 0.132828951 0.044966150 -0.070355430 0.987615645
1305031924.533245 1.569590449 -1.021661162 0.921924353 0.133801177 0.035634294 -0.069795951 0.987904847
1305031924.565264 1.567697167 -1.009089470 0.938008308 0.141988456 0.025063228 -0.075019397 0.986703157
1305031924.601161 1.574675798 -1.004375577 0.924109399 0.145978212 0.015779903 -0.077364475 0.986131907
1305031924.633221 1.578020692 -0.999378204 0.919835806 0.151503369 0.010274203 -0.076263741 0.985456765
1305031924.665187 1.585278034 -0.989663184 0.908889353 0.158762798 0.003692025 -0.076021783 0.984378695
1305031924.701168 1.591384649 -0.985505581 0.901859820 0.163265422 -0.001759073 -0.076219469 0.983631968
1305031924.733166 1.599067450 -0.975612700 0.897029221 0.170068428 -0.007253760 -0.077431284 0.982358634
1305031924.765170 1.615580440 -0.971923172 0.879190087 0.171185300 -0.011316063 -0.078052118 0.982077062
1305031924.801057 1.620733261 -0.963521600 0.877441704 0.172905549 -0.010436225 -0.076816700 0.981882870
1305031924.833187 1.627385736 -0.952984393 0.872796118 0.175937042 -0.009880839 -0.076523080 0.981372893
1305031924.865165 1.632781386 -0.941331327 0.864799559 0.174688399 -0.008862102 -0.076383516 0.981616497
1305031924.901110 1.634364128 -0.933796704 0.857743263 0.168648586 -0.009715032 -0.075282775 0.982749045
1305031924.933186 1.638542175 -0.924498022 0.860209942 0.169097483 -0.014348442 -0.077431150 0.982448220
1305031924.969060 1.644119740 -0.916120708 0.853588998 0.169555634 -0.018344469 -0.080512993 0.982055008
1305031925.001103 1.647842646 -0.906697631 0.850090265 0.171723902 -0.021787520 -0.082649425 0.981430233
1305031925.033148 1.649702430 -0.898862720 0.846570969 0.175249130 -0.023643782 -0.085173622 0.980547905
1305031925.069090 1.652023077 -0.890550315 0.842621565 0.181532815 -0.024441430 -0.087276258 0.979199290
1305031925.101107 1.654449940 -0.879081249 0.831011772 0.184012890 -0.024964185 -0.088039309 0.978654742
1305031925.133209 1.656921864 -0.867688596 0.820445538 0.178028330 -0.026949629 -0.084894970 0.979985952
1305031925.169080 1.659519911 -0.865453005 0.819913387 0.174160972 -0.030009100 -0.084813505 0.980598807
1305031925.201117 1.664291501 -0.856379151 0.814429402 0.176455840 -0.034187555 -0.087138608 0.979847670
1305031925.233193 1.669984818 -0.846922815 0.802027404 0.175020114 -0.038220309 -0.088667840 0.979818940
1305031925.269164 1.670215726 -0.834914923 0.805005550 0.173622668 -0.041353717 -0.093987912 0.979444385
1305031925.301283 1.671221733 -0.828295827 0.794142902 0.170480177 -0.042292826 -0.098971367 0.979465425
1305031925.333142 1.671074748 -0.815880060 0.785407543 0.166634336 -0.041491713 -0.101778872 0.979873717
1305031925.369107 1.675311208 -0.805715740 0.784988284 0.163048312 -0.042484567 -0.107340947 0.979840934
1305031925.401456 1.680152416 -0.798138380 0.787758827 0.160978198 -0.042986654 -0.113344043 0.979485214
1305031925.433406 1.682789922 -0.789894581 0.783030570 0.161426589 -0.044376958 -0.117463395 0.978863895
1305031925.469099 1.693054438 -0.779605389 0.774651229 0.165150493 -0.044408083 -0.119837381 0.977953076
1305031925.501267 1.700478196 -0.775194049 0.765479386 0.168964431 -0.040030804 -0.118599273 0.977641404
1305031925.533321 1.719124079 -0.760090411 0.757176459 0.176422060 -0.037048236 -0.113705084 0.977022946
1305031925.569132 1.726719856 -0.751608968 0.752617955 0.179726660 -0.032066409 -0.105843581 0.977480054
1305031925.601218 1.734306574 -0.743062854 0.738351703 0.181743130 -0.026170718 -0.100631110 0.977833271
1305031925.633430 1.739904642 -0.734171271 0.723287106 0.181260571 -0.019093616 -0.095903620 0.978561461
1305031925.669137 1.747678638 -0.726857364 0.731283367 0.178657711 -0.017437415 -0.088933714 0.979728639
1305031925.701322 1.759530067 -0.711810589 0.750942111 0.179710656 -0.019186072 -0.086490266 0.979722142
1305031925.733167 1.774084687 -0.701090455 0.738845646 0.178203449 -0.020504925 -0.085719094 0.980038404
1305031925.769246 1.786477447 -0.693476319 0.729463696 0.173203558 -0.019845156 -0.083468370 0.981142044
1305031925.801208 1.800365567 -0.681153774 0.727768004 0.168679193 -0.017567214 -0.080965199 0.982182920
1305031925.833148 1.807227373 -0.674086154 0.723273754 0.160346523 -0.011764503 -0.077577271 0.983937144
1305031925.869197 1.815733314 -0.668597817 0.722170115 0.150948077 -0.006094851 -0.074855186 0.985684633
1305031925.901176 1.825964093 -0.658091247 0.711523652 0.143446326 0.000219734 -0.069906756 0.987185955
1305031925.933170 1.837362647 -0.654612720 0.716082096 0.135588735 0.002672345 -0.062482204 0.988789439
1305031925.969198 1.845574737 -0.648222804 0.708621085 0.126474351 0.005377573 -0.057438362 0.990290940
1305031926.001186 1.854509473 -0.642878115 0.705030143 0.119092271 0.006828743 -0.052119691 0.991490781
1305031926.033156 1.860187769 -0.636470139 0.698476613 0.114121541 0.008378158 -0.046715062 0.992332518
1305031926.069077 1.871695638 -0.622543871 0.695354104 0.111603491 0.009839510 -0.044307753 0.992715836
1305031926.101106 1.881408215 -0.617206514 0.690434694 0.108527459 0.014048359 -0.043641716 0.993035674
1305031926.133181 1.892144799 -0.603651822 0.680320263 0.108227268 0.018468656 -0.041984156 0.993067503
1305031926.169101 1.898154378 -0.590257704 0.673374593 0.105231889 0.025921090 -0.039691530 0.993317127
1305031926.201141 1.908371329 -0.584998906 0.670067251 0.104859665 0.031684685 -0.037314110 0.993281543
1305031926.233134 1.911839724 -0.574976623 0.655771494 0.104040511 0.039478913 -0.032760989 0.993249059
1305031926.269135 1.922918677 -0.562945306 0.649909377 0.102472849 0.045275699 -0.031220164 0.993214369
1305031926.301054 1.940040827 -0.562934756 0.636888504 0.099919133 0.050535660 -0.029754970 0.993265808
1305031926.333164 1.952722073 -0.552612960 0.629871905 0.100179344 0.059369076 -0.026456056 0.992844164
1305031926.369064 1.956031203 -0.545269489 0.616873622 0.100354634 0.070762634 -0.021574143 0.992197633
1305031926.401166 1.959931374 -0.541711807 0.604212701 0.099760666 0.080554411 -0.016555909 0.991607130
1305031926.433155 1.963936687 -0.536924183 0.596209586 0.098991238 0.089530259 -0.010914598 0.990992367
1305031926.469090 1.974683285 -0.531548619 0.585894644 0.098482274 0.096264668 -0.004439716 0.990461826
1305031926.501075 1.980654359 -0.522708595 0.585118473 0.101832435 0.105338253 0.001413674 0.989207745
1305031926.533176 1.980080962 -0.525263846 0.564767361 0.100972608 0.115759298 0.012007472 0.988058746
1305031926.569122 1.978274703 -0.517179072 0.556033075 0.103605390 0.125670195 0.019863442 0.986447334
1305031926.601166 1.989325285 -0.509114265 0.545182586 0.104598463 0.131737873 0.029886547 0.985297441
1305031926.633127 1.994589210 -0.504210889 0.537848115 0.104171030 0.138550863 0.039967213 0.984050155
1305031926.669140 1.995469213 -0.503116727 0.530270994 0.102636389 0.146815941 0.051673159 0.982466638
1305031926.701042 1.994623184 -0.485624403 0.525679231 0.106786191 0.157594040 0.057477955 0.980029166
1305031926.733207 1.991580129 -0.488958389 0.518871427 0.103167169 0.172431484 0.067049138 0.977306664
1305031926.769141 1.995037198 -0.483363420 0.520283163 0.101812243 0.186295494 0.076331005 0.974218607
1305031926.801342 1.986082792 -0.486943692 0.508919895 0.097059622 0.202877477 0.091690533 0.970058262
1305031926.833209 1.985968471 -0.480207980 0.506948233 0.096325248 0.218691126 0.105218813 0.965310633
1305031926.869333 1.997151613 -0.444730192 0.508908510 0.103799373 0.231026217 0.113023944 0.960769534
1305031926.901097 1.995141029 -0.429065377 0.505877435 0.104849257 0.249322981 0.127345145 0.954268217
1305031926.933348 1.991418839 -0.426486552 0.505126238 0.102217905 0.270597160 0.143330172 0.946459293
1305031926.969122 1.994212747 -0.429128468 0.504243135 0.095665507 0.289639145 0.158749267 0.939018607
1305031927.001575 1.999019146 -0.429155260 0.502369761 0.087322518 0.306070089 0.172328845 0.932200968
1305031927.033929 1.994918823 -0.422297835 0.499333054 0.082929678 0.323737741 0.186215594 0.923926592
1305031927.070528 2.006457567 -0.414657682 0.493605375 0.078666702 0.335304081 0.204056680 0.916375279
1305031927.101272 2.020603895 -0.393352479 0.482555479 0.075974479 0.340289384 0.215165213 0.912214339
1305031927.133471 2.051432371 -0.384404659 0.458786428 0.066134758 0.340211391 0.227854252 0.909925759
1305031927.169161 2.057513714 -0.370028645 0.451281875 0.061062790 0.348796248 0.240742788 0.903689921
1305031927.201210 2.062561274 -0.358683616 0.441871285 0.053301569 0.355033249 0.253082693 0.898364902
1305031927.233491 2.070358753 -0.348606050 0.434593439 0.040542085 0.357011586 0.265042663 0.894791245
1305031927.269153 2.069949150 -0.329075426 0.436614752 0.033022102 0.359745234 0.271738112 0.891992867
1305031927.301135 2.073579550 -0.322463095 0.440098584 0.023496255 0.363517851 0.282666713 0.887356877
1305031927.333139 2.077511311 -0.318441033 0.440921634 0.014430233 0.368224502 0.293277383 0.882151306
1305031927.369147 2.076084614 -0.304931790 0.440237731 0.008953760 0.374093652 0.303246260 0.876364946
1305031927.401161 2.074883699 -0.295036077 0.452924639 0.002215365 0.382424653 0.311942101 0.869734764
1305031927.433274 2.080483675 -0.259461910 0.428311467 0.003852516 0.379983842 0.319871128 0.867917001
1305031927.469105 2.082907915 -0.251851976 0.428530008 -0.003257304 0.382854134 0.326328993 0.864246190
1305031927.501136 2.087667942 -0.240867794 0.430094779 -0.010745438 0.384631544 0.329484254 0.862196803
1305031927.533182 2.089339495 -0.230278835 0.427146137 -0.015212740 0.386059970 0.331976414 0.860533535
1305031927.569225 2.096828461 -0.223945126 0.425042778 -0.022185471 0.385384858 0.332225561 0.860588491
1305031927.601132 2.103194237 -0.219249979 0.422852457 -0.031500407 0.383004874 0.332344532 0.861314178
1305031927.633201 2.106997252 -0.209535182 0.425224066 -0.040322393 0.380704045 0.330102473 0.862827241
1305031927.669158 2.107762814 -0.196961805 0.425275981 -0.043756634 0.378216982 0.323709100 0.866169572
1305031927.701131 2.110530376 -0.194000810 0.424707532 -0.052843109 0.375737488 0.316405773 0.869434476
1305031927.733219 2.118215084 -0.181251928 0.416465461 -0.058815863 0.370725125 0.309369057 0.873724461
1305031927.769158 2.119925976 -0.174357146 0.415474892 -0.065004505 0.368358701 0.303173482 0.876454294
1305031927.801109 2.117140055 -0.151972488 0.411908448 -0.063892677 0.367682040 0.297417611 0.878789127
1305031927.833282 2.122117758 -0.145011708 0.407730907 -0.067317776 0.366274357 0.294285238 0.880174756
1305031927.869143 2.129539251 -0.137629420 0.402609110 -0.071688347 0.365152717 0.294254422 0.880305946
1305031927.901130 2.138758898 -0.133774206 0.404984236 -0.075172976 0.366539031 0.292967349 0.879868329
1305031927.933465 2.146967173 -0.124111190 0.395451665 -0.074507095 0.366245627 0.291643828 0.880486608
1305031927.969176 2.159774780 -0.122247100 0.386580676 -0.078479983 0.363978177 0.292540699 0.880784154
1305031928.001134 2.162849665 -0.098952249 0.374116302 -0.074754722 0.363268435 0.292835414 0.881303132
1305031928.033186 2.173452377 -0.112409905 0.381569445 -0.082236521 0.366596580 0.293468565 0.879045129
1305031928.069125 2.182511806 -0.083412163 0.358944982 -0.079869561 0.362992197 0.295108527 0.880209327
1305031928.101114 2.192768574 -0.084093332 0.355959773 -0.085085914 0.364541978 0.297141403 0.878394246
1305031928.133202 2.200557709 -0.089058369 0.354429275 -0.090383947 0.367006987 0.299295574 0.876104295
1305031928.169018 2.206255436 -0.071470976 0.343510866 -0.090035774 0.369515806 0.298273772 0.875433803
1305031928.201096 2.214629889 -0.066363841 0.336936980 -0.092222244 0.374970227 0.298893422 0.872671247
1305031928.233133 2.214193344 -0.061309844 0.336789489 -0.093572661 0.384388030 0.301392883 0.867555380
1305031928.269216 2.227624655 -0.033499490 0.302051872 -0.090572916 0.383364946 0.304991454 0.867068648
1305031928.301255 2.245790243 -0.026994234 0.278474241 -0.091824934 0.383729309 0.309140086 0.865304828
1305031928.333609 2.247749329 -0.020757120 0.269730330 -0.091033660 0.389964730 0.314221203 0.860758603
1305031928.369520 2.258268356 -0.011942015 0.265760869 -0.088480964 0.396211207 0.322396308 0.855130613
1305031928.401116 2.260428190 -0.007467384 0.253663301 -0.085567862 0.403080404 0.329587698 0.849456489
1305031928.433543 2.275722265 0.002743859 0.225568697 -0.080814056 0.406931430 0.339881778 0.844012022
1305031928.469232 2.274432182 0.012589347 0.223977566 -0.072586931 0.420383453 0.352779418 0.832799852
1305031928.501428 2.277666330 0.013305291 0.218072653 -0.066906661 0.432760060 0.364504635 0.821814239
1305031928.533982 2.292602539 0.019353563 0.209147468 -0.057518866 0.441451013 0.376870126 0.812269330
1305031928.569299 2.281359434 0.010953976 0.200535536 -0.050698869 0.454616129 0.385015845 0.801571369
1305031928.601271 2.270538807 0.011025663 0.214521348 -0.041035861 0.473432302 0.391366303 0.788042128
1305031928.633595 2.358542919 0.070647575 0.102350459 -0.026762716 0.451575518 0.403434575 0.795363963
1305031928.669146 2.361572504 0.075099856 0.091324821 -0.017076343 0.465172648 0.404125899 0.787404001
1305031928.701110 2.352560282 0.061765406 0.089593343 -0.011150132 0.481152594 0.403302193 0.778277099
1305031928.733185 2.359906435 0.063565023 0.079151168 -0.002506251 0.492481530 0.403884053 0.770930171
1305031928.769202 2.361233473 0.055222064 0.066922545 0.005084771 0.504290521 0.405857980 0.762197196
1305031928.801117 2.361202240 0.054761641 0.061664894 0.014699942 0.516012907 0.403081536 0.755671799
1305031928.833193 2.362916946 0.052602600 0.060653169 0.025134459 0.528929174 0.402442366 0.746754527
1305031928.869148 2.370052338 0.046033874 0.048820168 0.034104478 0.538996220 0.404052347 0.738282919
1305031928.901197 2.370381594 0.044181332 0.045069847 0.045065884 0.551308036 0.402038187 0.729653239
1305031928.933215 2.372612000 0.043177709 0.034144338 0.056534536 0.562245190 0.397985101 0.722697735
1305031928.969097 2.376936197 0.035689391 0.024463426 0.066384830 0.574858367 0.393155605 0.714534521
1305031929.001155 2.367452383 0.021456368 0.020838555 0.074323222 0.591851413 0.386880994 0.703214824
1305031929.033640 2.371661901 0.014897046 0.015063317 0.083012186 0.604983568 0.382384062 0.693459690
1305031929.069089 2.371463776 0.018204266 0.014503704 0.094103076 0.620910525 0.373740673 0.682592630
1305031929.101213 2.367640257 0.013684578 0.005012967 0.103284568 0.635153353 0.367964655 0.671203852
1305031929.133202 2.366132975 0.006035563 0.001524246 0.112910412 0.649684906 0.362743825 0.658466220
1305031929.169204 2.361668587 0.007962522 0.000097852 0.125795409 0.663105607 0.356775105 0.645893216
1305031929.201163 2.360994577 -0.000904075 -0.013334846 0.133551583 0.673335314 0.354504824 0.634909391
1305031929.233293 2.363135338 -0.022470789 -0.029497528 0.142467245 0.683461666 0.355066478 0.621700168
1305031929.269214 2.358256817 -0.028805073 -0.031851158 0.154384315 0.695324361 0.348972946 0.609021723
1305031929.301292 2.351846457 -0.025737511 -0.035393067 0.166882142 0.706223309 0.342301041 0.596849203
1305031929.333529 2.351357460 -0.037651215 -0.044570517 0.174921378 0.715042055 0.339958161 0.585274100
1305031929.369189 2.356209278 -0.055113226 -0.050802797 0.182611182 0.722462177 0.339032203 0.574246228
1305031929.401369 2.345314503 -0.066944070 -0.059419949 0.193187341 0.727369130 0.336126953 0.566243231
1305031929.433239 2.343556166 -0.081268780 -0.069350041 0.201504111 0.731767535 0.333512068 0.559179783
1305031929.469219 2.335575819 -0.096387535 -0.076403730 0.207728684 0.737239778 0.329205722 0.552222669
1305031929.501198 2.327138186 -0.090667792 -0.081334740 0.218016833 0.741043210 0.323069394 0.546763003
1305031929.533262 2.318907022 -0.095542282 -0.076721765 0.225961760 0.747082055 0.316237360 0.539262056
1305031929.569172 2.314295769 -0.117312968 -0.081949927 0.230132282 0.752144635 0.312720597 0.532469213
1305031929.601101 2.312698603 -0.141099811 -0.088020712 0.233256459 0.757126689 0.308229119 0.526635826
1305031929.634447 2.301634550 -0.154710189 -0.092899680 0.238070101 0.762011349 0.301530957 0.521287203
1305031929.669287 2.297805548 -0.158909351 -0.086837292 0.243320048 0.768109500 0.292000771 0.515304446
1305031929.701269 2.291351080 -0.176396057 -0.094675787 0.245710656 0.772647321 0.284455776 0.511592925
1305031929.733617 2.286282539 -0.174008608 -0.085199192 0.253819793 0.775971532 0.275052935 0.507729769
1305031929.769190 2.279558897 -0.199142143 -0.085693486 0.257131338 0.776454985 0.272384405 0.506762028
1305031929.801229 2.273304224 -0.207544938 -0.085236363 0.263233095 0.776989102 0.264870912 0.506793439
1305031929.833358 2.266204596 -0.216001078 -0.085239552 0.268961906 0.777293324 0.257866532 0.506931365
1305031929.869242 2.260451794 -0.226175845 -0.085784517 0.273191392 0.777390122 0.251287460 0.507824540
1305031929.901292 2.252027035 -0.231967449 -0.088429950 0.278014928 0.776687980 0.245339632 0.509187520
1305031929.933176 2.243548393 -0.227444008 -0.091358095 0.282286346 0.776751876 0.238185719 0.510135829
1305031929.969176 2.236219168 -0.230707228 -0.098571584 0.282975823 0.777719796 0.234643593 0.509920657
1305031930.001350 2.229649782 -0.240305737 -0.102194436 0.283488959 0.779642522 0.234733120 0.506647706
1305031930.033650 2.221175432 -0.238540530 -0.107413724 0.285118669 0.780456424 0.236090466 0.503841579
1305031930.069293 2.215709925 -0.237620667 -0.111012645 0.286237359 0.780682743 0.240527779 0.500748515
1305031930.101133 2.199151516 -0.192447260 -0.120322861 0.290078729 0.778424978 0.237046093 0.503704369
1305031930.134163 2.188256264 -0.200795114 -0.127333313 0.283819109 0.779860795 0.242359936 0.502519190
1305031930.169117 2.193278074 -0.239273399 -0.117112033 0.275251299 0.786319017 0.251870513 0.492443323
1305031930.201148 2.192376375 -0.234154999 -0.115873910 0.271536946 0.790514231 0.256992608 0.485087395
1305031930.233355 2.133314133 -0.091035254 -0.154611379 0.280343115 0.783065259 0.245781824 0.497802973
1305031930.269064 2.128914118 -0.078151338 -0.160559013 0.274352998 0.787424982 0.250503838 0.491874129
1305031930.301105 2.119045496 -0.055579659 -0.166889086 0.270524591 0.790066659 0.256885588 0.486436933
1305031930.333138 2.120824337 -0.057589024 -0.155582681 0.261112362 0.795920908 0.264794856 0.477717370
1305031930.369794 2.094972134 -0.054048795 -0.180304646 0.251435280 0.797232985 0.276023328 0.474353164
1305031930.401077 2.094222546 -0.036343437 -0.175582632 0.246286675 0.801094949 0.282694578 0.466554940
1305031930.433290 2.082502365 -0.013028257 -0.180040807 0.240060285 0.802771628 0.289399207 0.462792367
1305031930.469130 2.114175558 -0.072781026 -0.133293197 0.226502344 0.811015725 0.306543499 0.443825722
1305031930.501044 2.092892885 -0.045851965 -0.145098835 0.222414345 0.807136536 0.317735285 0.445091903
1305031930.533067 2.094619036 -0.020787954 -0.124638677 0.216818199 0.808458030 0.324291378 0.440704674
1305031930.569007 2.082153559 -0.019059246 -0.157104492 0.207543805 0.804467559 0.337944895 0.442211211
1305031930.601041 2.095810652 -0.039790727 -0.143983722 0.194464162 0.806248903 0.351692468 0.434118450
1305031930.633126 2.093560457 0.060616754 0.007642935 0.191790804 0.819879174 0.330613732 0.426273376
1305031930.668925 2.064471483 0.047966465 -0.057320140 0.184834749 0.807094514 0.353295684 0.435449988
1305031930.701009 2.062921762 0.059847549 -0.050681196 0.181053430 0.801904619 0.363955140 0.437841624
1305031930.733195 2.060442448 0.059575595 -0.051944107 0.173605293 0.795683920 0.376092196 0.441930950
1305031930.769068 2.060832500 0.067223459 -0.046344098 0.164502233 0.790846825 0.385576785 0.445904523
1305031930.801055 2.058744907 0.071490288 -0.052885413 0.159160733 0.784882128 0.396589041 0.448714912
1305031930.833091 2.055447817 0.079614304 -0.053871531 0.152771547 0.781231642 0.404074758 0.450623572
1305031930.869070 2.054358959 0.071273401 -0.058785267 0.143759459 0.777265668 0.415127486 0.450400323
1305031930.900829 2.048695564 0.085957251 -0.052814502 0.137944922 0.774591923 0.421356887 0.451039821
1305031930.933330 2.049312353 0.078626424 -0.054591823 0.130522057 0.770396948 0.432750195 0.449644148
1305031930.969059 2.046168089 0.088572562 -0.045275826 0.125137731 0.767626405 0.440462649 0.448422700
1305031931.000795 2.042601824 0.101364493 -0.031541251 0.119552985 0.764610350 0.448839873 0.446789563
1305031931.033023 2.036775112 0.111852303 -0.033841804 0.113233916 0.759383738 0.458767056 0.447266400
1305031931.068905 2.040989161 0.141775787 -0.007710191 0.104815602 0.759169102 0.463234097 0.445073217
1305031931.100819 2.043390989 0.145656228 -0.007455431 0.097649053 0.754257500 0.476143092 0.441415995
1305031931.133042 2.041873932 0.154879719 -0.004205758 0.091985054 0.750544488 0.486765504 0.437356919
1305031931.168900 2.045053005 0.158175677 -0.006428580 0.083365962 0.746936202 0.499773741 0.430537581
1305031931.200696 2.046766043 0.164771035 0.001947141 0.075861260 0.745612144 0.511048257 0.420876741
1305031931.233053 2.014605284 0.195282623 -0.013205043 0.070709988 0.739843071 0.522109330 0.418370873
1305031931.268951 2.013925076 0.195571050 -0.015297470 0.060989343 0.737419963 0.535021424 0.407730490
1305031931.300955 2.017852306 0.198443726 -0.017236164 0.050586365 0.735875368 0.547104239 0.395734012
1305031931.332991 2.016933680 0.204624370 -0.013196638 0.042816866 0.736713409 0.556727827 0.381410807
1305031931.369797 2.025170803 0.206089720 -0.016910711 0.035222903 0.736403763 0.567921221 0.365970254
1305031931.401337 2.028770447 0.213271692 -0.012939856 0.032003950 0.736721158 0.576430917 0.352058262
1305031931.432892 2.032172203 0.215302438 -0.014006770 0.028734436 0.735792398 0.585873127 0.338432461
1305031931.469079 2.038272142 0.218864217 -0.016608587 0.028467035 0.735655129 0.593440831 0.325313985
1305031931.500852 2.041232586 0.229141518 -0.011868643 0.027723117 0.736571550 0.598475635 0.313880056
1305031931.532871 2.059604406 0.223367080 -0.004609493 0.023041058 0.736573756 0.607025385 0.297402710
1305031931.569726 2.070093632 0.227432117 -0.008040290 0.025237883 0.736587107 0.613215685 0.284198850
1305031931.601199 2.075965166 0.230857059 -0.009626297 0.028528938 0.736972868 0.617461264 0.273493409
1305031931.633004 2.085461378 0.231208891 -0.004983045 0.026523791 0.738314390 0.619063795 0.266361386
1305031931.669064 2.091015339 0.236750215 -0.009505237 0.027435042 0.738156021 0.621714234 0.260469645
1305031931.701060 2.099820614 0.240424916 -0.001342096 0.024602041 0.740926325 0.621454895 0.253410131
1305031931.732985 2.110554934 0.243905365 0.004202614 0.022068415 0.742449522 0.621920109 0.247986078
1305031931.768911 2.121310949 0.243813947 0.005624202 0.019472703 0.740999520 0.625643492 0.243126869
1305031931.800959 2.131051302 0.254253447 0.009763692 0.020240352 0.739844859 0.628220856 0.239913225
1305031931.832926 2.141041040 0.246260211 0.017562684 0.022017660 0.737651706 0.633567512 0.232330173
1305031931.868988 2.160339594 0.242002338 0.022421861 0.022225425 0.734143555 0.641745985 0.220683783
1305031931.900957 2.168634892 0.251860023 0.025821824 0.026343437 0.731629372 0.646040797 0.215999573
1305031931.932907 2.175845385 0.260782182 0.023684859 0.031313051 0.730516791 0.648589611 0.211414739
1305031931.968902 2.185515642 0.263756394 0.027578877 0.035153478 0.729468703 0.650906265 0.207269460
1305031932.000829 2.187136889 0.273747653 0.029220685 0.039996423 0.729845643 0.651075304 0.204515487
1305031932.032913 2.196178913 0.277121305 0.030021984 0.044673525 0.730066180 0.652560651 0.197919726
1305031932.068920 2.205708265 0.277128637 0.034298774 0.047668789 0.731072307 0.652768373 0.192754775
1305031932.101294 2.215344906 0.279551893 0.031076510 0.051193159 0.728471816 0.656979203 0.187313586
1305031932.132895 2.230574131 0.273274571 0.021945350 0.056964155 0.724367678 0.662077069 0.183576956
1305031932.169077 2.243080139 0.276080251 0.031356908 0.060095333 0.724715292 0.660471320 0.186959654
1305031932.200948 2.252634287 0.277196676 0.027712872 0.063505948 0.721212745 0.662114680 0.193451062
1305031932.232821 2.257041454 0.286057681 0.023810156 0.067894593 0.718776524 0.661013842 0.204478309
1305031932.268818 2.268656254 0.293432534 0.021447035 0.068509333 0.717611849 0.659003854 0.214601114
1305031932.300945 2.272327662 0.295854777 0.019615442 0.071514189 0.717440307 0.655646384 0.224260792
1305031932.333175 2.285434961 0.295649379 0.010447299 0.072376691 0.716161788 0.655265987 0.229129672
1305031932.368837 2.291800499 0.301307738 0.003391569 0.073874645 0.716562867 0.651641786 0.237577781
1305031932.401680 2.301152945 0.300065607 0.000258242 0.076692209 0.717697442 0.647184730 0.245317459
1305031932.432994 2.307544947 0.304779649 -0.004011145 0.080858238 0.717420638 0.643580794 0.254112780
1305031932.469022 2.311465025 0.307261437 -0.009680965 0.085866384 0.715402603 0.641280472 0.263790399
1305031932.500893 2.321970701 0.312598437 -0.013020161 0.088152871 0.714887977 0.637332916 0.273808450
1305031932.532959 2.330253124 0.317894042 -0.020671461 0.090694539 0.713335156 0.634073317 0.284391493
1305031932.568972 2.339993954 0.311397523 -0.029397923 0.092684798 0.712011576 0.631274879 0.293157071
1305031932.600957 2.346808910 0.312223136 -0.032063428 0.094653934 0.711581051 0.625019610 0.306665093
1305031932.632929 2.349851131 0.317337275 -0.037269175 0.097615123 0.710534990 0.617627561 0.322719008
1305031932.669236 2.364861727 0.308602124 -0.041018367 0.097752072 0.710313380 0.612204015 0.333325148
1305031932.700806 2.376949310 0.316396624 -0.047811676 0.100107759 0.709395289 0.605021417 0.347398609
1305031932.732848 2.381884336 0.317540169 -0.053407855 0.102037832 0.709544122 0.596717715 0.360642970
1305031932.768757 2.393271446 0.307436407 -0.069649845 0.101417825 0.707402587 0.592314601 0.372101307
1305031932.800821 2.398147821 0.306532741 -0.076662198 0.104955457 0.707932770 0.582868338 0.384811759
1305031932.832891 2.408272028 0.307546139 -0.080933869 0.107228003 0.709169447 0.574012399 0.395082980
1305031932.869016 2.423885584 0.303417116 -0.090614751 0.109742470 0.710781038 0.566730022 0.401950181
1305031932.901214 2.424515247 0.307419419 -0.093950197 0.115070209 0.715084255 0.553783178 0.410776824
1305031932.932932 2.437719345 0.301401198 -0.093442753 0.116137445 0.718315780 0.545245051 0.416223884
1305031932.968787 2.447996855 0.302406251 -0.100956619 0.116332479 0.718236387 0.539682090 0.423493147
1305031933.001958 2.458452702 0.303515077 -0.109857529 0.114080645 0.721118927 0.532313704 0.428503484
1305031933.033045 2.458269596 0.308270812 -0.119557083 0.115554325 0.724324405 0.525806129 0.430731118
1305031933.068879 2.462455273 0.313263893 -0.115281165 0.114892967 0.728896677 0.520741224 0.429345787
1305031933.100908 2.462516069 0.318147302 -0.127697796 0.113420792 0.729739547 0.520544171 0.428543657
1305031933.132911 2.458951712 0.329814166 -0.139842421 0.117511705 0.735075176 0.517726481 0.421680897
1305031933.169450 2.460595369 0.335677981 -0.144689098 0.118242621 0.741148591 0.517820358 0.410584331
1305031933.200949 2.466630936 0.345308691 -0.139567107 0.118550144 0.748850644 0.516411781 0.398104787
1305031933.233374 2.470722914 0.338527679 -0.146342367 0.114826038 0.753036499 0.517977834 0.389165670
1305031933.269079 2.477221012 0.339310318 -0.144521460 0.113655351 0.758500457 0.516687691 0.380517185
1305031933.300869 2.479503155 0.341124833 -0.133885697 0.113429144 0.765103281 0.514474630 0.370225042
1305031933.332881 2.477097511 0.345215291 -0.135682434 0.113950051 0.766869009 0.516124249 0.364064574
1305031933.368978 2.479195356 0.348674327 -0.138975024 0.113589033 0.768665671 0.518607140 0.356787443
1305031933.400926 2.482286215 0.351418912 -0.145637438 0.113514230 0.770197272 0.521365762 0.349411607
1305031933.432912 2.478938341 0.353790313 -0.131217286 0.115762956 0.772485614 0.523789167 0.339867353
1305031933.469486 2.475783587 0.355950743 -0.134448498 0.115963161 0.772932231 0.527686298 0.332679242
1305031933.500809 2.474321604 0.360432804 -0.134449109 0.116924115 0.775218248 0.529484332 0.324055105
1305031933.533065 2.464686871 0.365702689 -0.135565415 0.117043108 0.776885569 0.531577587 0.316504270
1305031933.568861 2.461887598 0.368999839 -0.133428320 0.116529398 0.779770494 0.533769250 0.305727333
1305031933.600899 2.462637424 0.374529392 -0.139909789 0.115917079 0.782352090 0.537050426 0.293368846
1305031933.632949 2.445720196 0.380340934 -0.138031259 0.117741875 0.785018981 0.539500296 0.280751705
1305031933.669114 2.439889908 0.387640238 -0.133048534 0.119776398 0.788714886 0.541965961 0.264301509
1305031933.700931 2.433346510 0.392479926 -0.129034355 0.119756840 0.791912854 0.545375884 0.247179031
1305031933.732901 2.430563688 0.389232814 -0.126119256 0.118099615 0.794129491 0.550477505 0.228878275
1305031933.768934 2.435081482 0.385838598 -0.123712718 0.116449878 0.795999289 0.555583715 0.210121930
1305031933.800879 2.423508406 0.390090942 -0.119635344 0.115671158 0.798113823 0.557734668 0.196383536
1305031933.833132 2.409576178 0.384566575 -0.112759583 0.113776706 0.798927546 0.561680853 0.182439774
1305031933.868855 2.414992332 0.383675098 -0.105620809 0.108782910 0.800092399 0.565520048 0.167944923
1305031933.900942 2.403273582 0.385813862 -0.097525306 0.106799267 0.800131559 0.568653822 0.158165291
1305031933.932925 2.403238773 0.384181350 -0.093594477 0.103030406 0.799501359 0.573219299 0.146976054
1305031933.968843 2.394308090 0.384966999 -0.088295974 0.102083609 0.798018396 0.577531278 0.138575554
1305031934.000841 2.388037205 0.381582171 -0.082074292 0.099114440 0.796364665 0.581709087 0.132643014
1305031934.033000 2.380800486 0.379154295 -0.075642414 0.095989674 0.794714391 0.585722983 0.127057627
1305031934.068946 2.371181250 0.382338971 -0.069726542 0.093064152 0.793735385 0.588528991 0.122298270
1305031934.100917 2.364392757 0.382367134 -0.060465828 0.088770643 0.793195069 0.591275871 0.115560062
1305031934.132845 2.355196238 0.382890373 -0.052412190 0.084492996 0.792266428 0.594593644 0.107857436
1305031934.169177 2.341084242 0.380147904 -0.050017662 0.082148015 0.790332139 0.598623395 0.101374961
1305031934.200808 2.326360941 0.385044724 -0.039305858 0.079410411 0.790207624 0.599917710 0.096771307
1305031934.232870 2.316979647 0.381414890 -0.034932632 0.076702811 0.788559318 0.603663623 0.088775158
1305031934.269296 2.305549383 0.374977946 -0.030569909 0.073769227 0.787265837 0.606519938 0.083091035
1305031934.300934 2.297400713 0.368471414 -0.023174845 0.071704805 0.785807669 0.609263778 0.078500971
1305031934.336871 2.288337946 0.365668833 -0.017832659 0.069494888 0.783349037 0.612879157 0.076901458
1305031934.368906 2.276568174 0.362266213 -0.017815731 0.069444627 0.780893326 0.615977049 0.077171177
1305031934.400928 2.266910791 0.355818838 -0.012585846 0.065836743 0.779733360 0.617449880 0.080231443
1305031934.436865 2.258966923 0.352114111 -0.013103535 0.062074803 0.779051483 0.618101239 0.084713176
1305031934.469287 2.249669552 0.346469939 -0.007165668 0.056147031 0.781403720 0.614853323 0.090615600
1305031934.501241 2.232254505 0.339925140 -0.000626721 0.045893766 0.783307254 0.612083733 0.098371960
1305031934.536876 2.210471630 0.347370028 -0.002853714 0.042373788 0.783856332 0.610745788 0.103746131
1305031934.569101 2.188942671 0.353315711 -0.005120412 0.041113868 0.785438299 0.607963979 0.108517691
1305031934.600850 2.173116684 0.350437999 -0.005629417 0.039375100 0.785821140 0.607240498 0.110425122
1305031934.637030 2.158431292 0.349654704 -0.009904015 0.038089987 0.784669816 0.607940376 0.115112565
1305031934.668984 2.142545462 0.349991113 -0.010264752 0.035657346 0.786830544 0.603917778 0.122104689
1305031934.700945 2.125513792 0.349157929 -0.009116801 0.032223247 0.788567126 0.600768209 0.127283424
1305031934.736903 2.109713078 0.348054141 -0.013457553 0.029738599 0.788635254 0.599378586 0.133848324
1305031934.769124 2.093471766 0.338628918 -0.020862810 0.026835723 0.788147867 0.598426938 0.141378745
1305031934.801627 2.080395222 0.335487723 -0.020695962 0.023569632 0.789174676 0.595951498 0.146593049
1305031934.836769 2.062655687 0.334753036 -0.023876216 0.021347092 0.789871752 0.593284249 0.153820470
1305031934.869115 2.043967247 0.336120516 -0.026614428 0.018304320 0.791798413 0.588275015 0.163256481
1305031934.901010 2.026886702 0.335078984 -0.030020341 0.014774488 0.792858720 0.584161639 0.172950491
1305031934.937234 2.008592844 0.338800371 -0.032292742 0.012783950 0.795880914 0.576847017 0.183460131
1305031934.969077 1.995073676 0.333289742 -0.036748372 0.007826570 0.799182653 0.569662988 0.191650420
1305031935.001270 1.974514484 0.334653497 -0.041300397 0.004918461 0.803196728 0.560645878 0.201313183
1305031935.036852 1.961120367 0.330644548 -0.050804418 0.005289938 0.805163622 0.556197464 0.205737472
1305031935.069722 1.941950560 0.329155862 -0.057195120 0.007501419 0.808098972 0.549340725 0.212472305
1305031935.100912 1.914440632 0.338469267 -0.060276404 0.012211952 0.810572267 0.542756498 0.219633266
1305031935.136853 1.898382664 0.338121027 -0.067262575 0.012128122 0.811159968 0.540563822 0.222852394
1305031935.169281 1.885661960 0.338805646 -0.076406337 0.012940999 0.812375009 0.537704110 0.225285634
1305031935.200951 1.870586038 0.345609099 -0.080005623 0.017570028 0.814198554 0.533764958 0.227743283
1305031935.237095 1.860812068 0.338835269 -0.084016599 0.021705527 0.813825130 0.533985198 0.228204399
1305031935.268965 1.847425222 0.343102962 -0.094301105 0.027158989 0.812515020 0.534527481 0.231002450
1305031935.300805 1.842152119 0.333432734 -0.097355835 0.028118400 0.812807083 0.534623742 0.229633227
1305031935.336810 1.828253388 0.338505149 -0.105860814 0.030852009 0.813228786 0.534800172 0.227367297
1305031935.368827 1.815275788 0.337330908 -0.110944986 0.034189019 0.814112663 0.535635412 0.221689865
1305031935.400848 1.802483797 0.338811040 -0.120287992 0.039881352 0.814168692 0.538510859 0.213412493
1305031935.436887 1.790875554 0.339845598 -0.128866807 0.046398200 0.814473927 0.540953219 0.204570398
1305031935.468890 1.780868053 0.333969176 -0.141270146 0.052111384 0.814583421 0.543493629 0.195839033
1305031935.500863 1.771925211 0.335513443 -0.152815104 0.056437235 0.816966951 0.542325854 0.187783062
1305031935.536900 1.761468172 0.334130436 -0.163674653 0.061888352 0.820235968 0.539334476 0.180280626
1305031935.568783 1.749108076 0.335315496 -0.173148900 0.067516096 0.824639201 0.534808993 0.171438351
1305031935.600963 1.736290693 0.331257999 -0.186243355 0.069734037 0.830386519 0.528995693 0.160496026
1305031935.636916 1.723641515 0.331900150 -0.200230375 0.072130367 0.838299990 0.519899309 0.147495911
1305031935.669100 1.715975165 0.336600184 -0.204753593 0.072203226 0.848515213 0.507241070 0.132344902
1305031935.700948 1.702535510 0.333492607 -0.211262122 0.066984773 0.858449042 0.494646907 0.117909424
1305031935.736900 1.690947413 0.329864174 -0.221048266 0.057812426 0.868663549 0.481559455 0.100905053
1305031935.768974 1.680052519 0.325679630 -0.230080977 0.047897182 0.878083587 0.469081074 0.081474148
1305031935.801178 1.668261647 0.323132396 -0.236446947 0.038444139 0.885849118 0.457993031 0.063527375
1305031935.836877 1.656259775 0.323942840 -0.249242738 0.034187485 0.891283453 0.449451029 0.049383901
1305031935.869025 1.645952344 0.321163595 -0.259548843 0.028335584 0.895695567 0.442121714 0.038143121
1305031935.901144 1.624274969 0.321326345 -0.272456706 0.027304677 0.899333775 0.435391456 0.029790221
1305031935.936825 1.618773699 0.332526207 -0.276357383 0.020299247 0.905183315 0.423957050 0.022169387
1305031935.969109 1.614833713 0.312161863 -0.290046602 0.015576274 0.908312201 0.417709410 0.015658692
1305031936.000820 1.616011620 0.314672649 -0.291966736 0.008524525 0.913428187 0.406796664 0.009632801
1305031936.036965 1.605538368 0.316235483 -0.299789637 0.003282356 0.917931736 0.396695435 0.004820174
1305031936.068809 1.596069336 0.320064843 -0.304334849 -0.000720931 0.921483397 0.388415575 -0.001106387
1305031936.100718 1.591716528 0.323849022 -0.309273481 -0.004397998 0.924711049 0.380526274 -0.009482387
1305031936.137490 1.584857702 0.311082065 -0.319022864 -0.003868521 0.926166952 0.376655012 -0.018188534
1305031936.168897 1.581276298 0.314125717 -0.321741641 -0.003688280 0.927548707 0.372784495 -0.025913786
1305031936.200867 1.565256834 0.323045880 -0.333537757 -0.002619311 0.929572165 0.367197603 -0.032475475
1305031936.237546 1.561113954 0.322881371 -0.338238478 -0.001995602 0.932100832 0.359892011 -0.040765200
1305031936.268981 1.556359768 0.327129811 -0.337670088 -0.002162861 0.934613645 0.352233052 -0.049240183
1305031936.300816 1.549033165 0.312312812 -0.349127710 0.002865326 0.935128987 0.349605471 -0.057459313
1305031936.336863 1.529422164 0.315441102 -0.356177986 0.012193597 0.937181354 0.342655629 -0.064261228
1305031936.368927 1.532851934 0.317165703 -0.365975171 0.018283742 0.938145816 0.337348312 -0.075790562
1305031936.400840 1.520344853 0.324941397 -0.365389645 0.023093212 0.940018833 0.329994112 -0.083277598
1305031936.436777 1.516447186 0.319808751 -0.374426514 0.026594140 0.940367699 0.326553971 -0.091454268
1305031936.468789 1.505893469 0.320382595 -0.370073795 0.030569555 0.942113459 0.320040435 -0.095193788
1305031936.500753 1.493688941 0.326176196 -0.373179436 0.034639243 0.943653762 0.313754559 -0.099377126
1305031936.536847 1.495734453 0.322017133 -0.380453646 0.036251858 0.943893790 0.310971200 -0.105106063
1305031936.569452 1.488177299 0.328876585 -0.379885375 0.038896378 0.945245981 0.306412220 -0.105397634
1305031936.600821 1.478007913 0.329999089 -0.383793831 0.045101359 0.945871770 0.303444713 -0.105895333
1305031936.636879 1.465969920 0.334590197 -0.382950276 0.047136821 0.946501970 0.301525980 -0.104853190
1305031936.668885 1.456390023 0.358521253 -0.380457729 0.043316633 0.948278785 0.295944631 -0.106338143
1305031936.700881 1.454623938 0.362731218 -0.382103413 0.042956926 0.948531747 0.292964399 -0.112312652
1305031936.737504 1.463263392 0.371682227 -0.379298270 0.044529427 0.948224962 0.291522801 -0.117902689
1305031936.768825 1.450386524 0.378322691 -0.384271502 0.045976263 0.947116852 0.295276493 -0.116908401
1305031936.800856 1.451675534 0.399461389 -0.375812709 0.046527222 0.947201848 0.294214666 -0.118665785
1305031936.836845 1.423202991 0.396618098 -0.379691154 0.057995934 0.944312572 0.303255528 -0.113781460
1305031936.868891 1.408831000 0.410505325 -0.379196793 0.061610971 0.941620529 0.312580347 -0.108850487
1305031936.900833 1.404614925 0.420561433 -0.383188605 0.065691404 0.938172877 0.323348641 -0.104699381
1305031936.936914 1.386817217 0.439832956 -0.375258744 0.065746196 0.935437024 0.334198892 -0.094583809
1305031936.968821 1.383535385 0.449777365 -0.384364933 0.064867400 0.929837525 0.350578934 -0.091042854
1305031937.001118 1.372518897 0.455982536 -0.391249150 0.069657259 0.925234079 0.362729579 -0.086700790
1305031937.036874 1.348025441 0.459961861 -0.393729329 0.074186236 0.920383096 0.376609474 -0.074543059
1305031937.068765 1.331065774 0.469434947 -0.399297655 0.081910603 0.914514840 0.391088903 -0.063267358
1305031937.100716 1.320995569 0.481764972 -0.401024818 0.084254436 0.909993708 0.402486145 -0.053080667
1305031937.136838 1.322265029 0.491242319 -0.401412338 0.083160251 0.905383229 0.413590074 -0.048049897
1305031937.168856 1.313317060 0.499998719 -0.396543294 0.087495707 0.899884343 0.425099283 -0.042932268
1305031937.200813 1.310279489 0.503312349 -0.402029544 0.090598829 0.892492175 0.440197408 -0.038416099
1305031937.236893 1.306700349 0.510303497 -0.402158797 0.096413516 0.885758817 0.452762157 -0.033795938
1305031937.268821 1.288932681 0.538246334 -0.398391724 0.099568278 0.880390584 0.462984562 -0.025373833
1305031937.300783 1.277266145 0.550005436 -0.398368061 0.106263652 0.873028457 0.475513399 -0.020404702
1305031937.336862 1.271247387 0.574450493 -0.380660892 0.108602233 0.868840456 0.482813507 -0.014593584
1305031937.368734 1.267505527 0.592206120 -0.363262147 0.108629450 0.865030229 0.489624500 -0.013790261
1305031937.400796 1.257662773 0.606544852 -0.359459370 0.110103145 0.859640300 0.498717368 -0.013296921
1305031937.438211 1.247035861 0.609812260 -0.378438294 0.111547872 0.850091636 0.514566183 -0.011087307
1305031937.468824 1.242645502 0.617639959 -0.378360689 0.112361044 0.842965245 0.526041806 -0.008033684
1305031937.500797 1.247284055 0.623392761 -0.371989399 0.110109501 0.835457385 0.538377762 -0.006022008
1305031937.536931 1.246695638 0.637013495 -0.372473747 0.110781021 0.826581478 0.551785707 -0.004812959
1305031937.568829 1.247032166 0.648942292 -0.362605095 0.111825138 0.818503976 0.563500047 -0.003748782
1305031937.600746 1.243289948 0.659442544 -0.359202683 0.112001374 0.809465051 0.576382220 -0.002350049
1305031937.636891 1.243602872 0.668417215 -0.349372178 0.109760106 0.802646875 0.586255193 -0.003952664
1305031937.668803 1.234157324 0.684768617 -0.347333193 0.109565616 0.793531954 0.598565400 -0.004680426
1305031937.700837 1.224447846 0.706861675 -0.330199987 0.109414585 0.789323807 0.604118645 -0.006085939
1305031937.736899 1.231766105 0.705164671 -0.325748473 0.106883608 0.782477021 0.613324583 -0.011772731
1305031937.768919 1.215771914 0.724024892 -0.329153925 0.105242781 0.776246607 0.621496201 -0.010371294
1305031937.800834 1.215784669 0.733569801 -0.318446636 0.100323707 0.774207652 0.624763429 -0.014435079
1305031937.836877 1.213105798 0.738926172 -0.329422861 0.097941831 0.767003417 0.633795321 -0.020411070
1305031937.868807 1.208570480 0.745736480 -0.317266792 0.096032195 0.763582349 0.637980938 -0.026459785
1305031937.900823 1.201749921 0.761183321 -0.314534694 0.094178408 0.759543777 0.642673552 -0.034560256
1305031937.936960 1.198276401 0.770117760 -0.310265273 0.092425592 0.753989041 0.648755670 -0.045542683
1305031937.968830 1.197781682 0.778294742 -0.307559937 0.089156546 0.748988807 0.653983951 -0.058067441
1305031938.000822 1.187825203 0.788516402 -0.308898926 0.089241453 0.743247211 0.659312248 -0.070192076
1305031938.036945 1.184997201 0.799139321 -0.308185667 0.085765854 0.738498032 0.663760245 -0.081775360
1305031938.068761 1.165920019 0.809961617 -0.301930159 0.087977156 0.735337853 0.665559947 -0.092564218
1305031938.100744 1.165064812 0.808271050 -0.298519462 0.084708683 0.730364919 0.669590354 -0.105072893
1305031938.136885 1.157770395 0.818184197 -0.305676073 0.085409179 0.722438514 0.675617516 -0.119703047
1305031938.168914 1.155994058 0.819459081 -0.311648637 0.088450484 0.713254869 0.681723773 -0.136736035
1305031938.200883 1.157239914 0.820270419 -0.293620318 0.088546611 0.708215117 0.684360862 -0.149134263
1305031938.236878 1.138102531 0.839322627 -0.305214345 0.094599389 0.698872745 0.690482676 -0.160814926
1305031938.268809 1.127106309 0.855047643 -0.301934063 0.096394703 0.693828285 0.692004740 -0.174469933
1305031938.300837 1.139389634 0.854235291 -0.287957728 0.090179726 0.693349183 0.688858569 -0.191333100
1305031938.336900 1.119886041 0.856535077 -0.311097205 0.088938922 0.683611333 0.695755363 -0.201717138
1305031938.368914 1.124177217 0.860740483 -0.312656254 0.083861738 0.680433691 0.695110023 -0.216331348
1305031938.400842 1.110421896 0.860762119 -0.306921840 0.081719927 0.679347396 0.693601191 -0.225225106
1305031938.436889 1.113663793 0.870901167 -0.278885156 0.078523442 0.685016692 0.683128059 -0.240670517
1305031938.468781 1.102872849 0.873568714 -0.258371860 0.074994758 0.689025998 0.676256120 -0.249592826
1305031938.501288 1.093629479 0.869687676 -0.283068925 0.073086001 0.682988167 0.678398609 -0.260693401
1305031938.537028 1.093440652 0.875097573 -0.272532612 0.064463802 0.687530577 0.670966148 -0.270093411
1305031938.568999 1.087715745 0.870661974 -0.276020348 0.056115989 0.690296650 0.665463328 -0.278388321
1305031938.601007 1.087394118 0.867663443 -0.267812639 0.046063308 0.695289850 0.657593131 -0.286393911
1305031938.637299 1.088799357 0.871766567 -0.266200125 0.037006918 0.700197279 0.648459196 -0.296403319
1305031938.668747 1.087332487 0.858788431 -0.258654445 0.025756197 0.707761526 0.638040185 -0.302183688
