0.000000 -0.1120066 -0.0027597 -0.1615109 -0.0005948 -0.0014625 -0.0002091 0.9999987
0.103736 -0.1126304 -0.0030085 -0.1224884 0.0004932 -0.0029307 0.0010135 0.9999951
0.207338 -0.1132904 -0.0033144 -0.0825474 0.0012088 -0.0049338 0.0004073 0.9999870
0.311075 -0.1144457 -0.0033671 -0.0415460 0.0019409 -0.0067787 0.0003708 0.9999751
0.518430 -0.1171839 -0.0036277 0.0430556 0.0025872 -0.0112250 0.0001572 0.9999337
0.725798 -0.1207544 -0.0043790 0.1304789 0.0036003 -0.0157679 -0.0020608 0.9998671
0.933147 -0.1246017 -0.0052208 0.2217215 0.0014539 -0.0201723 -0.0017883 0.9997939
1.244242 -0.1329282 -0.0066770 0.3621115 0.0004875 -0.0238477 -0.0019764 0.9997135
1.555212 -0.1406943 -0.0077746 0.5071114 0.0003839 -0.0264179 0.0003623 0.9996508
1.969923 -0.1538750 -0.0106721 0.7083249 0.0035022 -0.0293617 -0.0034029 0.9995569
2.384639 -0.1673235 -0.0135734 0.9161646 0.0023711 -0.0322278 -0.0028459 0.9994737
2.695832 -0.1782356 -0.0154088 1.0760320 0.0001899 -0.0329457 -0.0030163 0.9994526
2.903084 -0.1861090 -0.0158712 1.1840812 -0.0030796 -0.0315235 -0.0027046 0.9994946
3.317669 -0.2000097 -0.0170638 1.4039304 0.0017823 -0.0289268 -0.0032516 0.9995747
3.524925 -0.2065427 -0.0183475 1.5169306 -0.0012829 -0.0286211 -0.0015331 0.9995883
3.835871 -0.2163345 -0.0196558 1.6855772 -0.0007374 -0.0299852 0.0049668 0.9995377
4.146888 -0.2280762 -0.0213887 1.8579675 0.0010188 -0.0321238 0.0038560 0.9994760
4.457940 -0.2398726 -0.0233039 2.0327032 -0.0022505 -0.0340123 0.0016567 0.9994175
4.665293 -0.2491828 -0.0240850 2.1493866 -0.0047735 -0.0340419 -0.0013645 0.9994081
4.976146 -0.2616028 -0.0245037 2.3227441 -0.0023363 -0.0342329 -0.0023082 0.9994085
5.287117 -0.2744513 -0.0259661 2.4947929 -0.0036335 -0.0355920 -0.0016598 0.9993584
5.598233 -0.2873326 -0.0275287 2.6630695 0.0009449 -0.0366231 -0.0035472 0.9993224
5.909185 -0.2998974 -0.0292365 2.8330190 -0.0027278 -0.0367718 -0.0008762 0.9993196
6.220278 -0.3127313 -0.0312066 2.9985750 -0.0023027 -0.0373320 0.0025912 0.9992969
6.531383 -0.3253159 -0.0317797 3.1650465 -0.0078926 -0.0385953 0.0039048 0.9992161
6.945963 -0.3454644 -0.0333750 3.3800483 -0.0000073 -0.0405518 -0.0008927 0.9991770
7.360549 -0.3635238 -0.0360803 3.5817294 -0.0019420 -0.0429738 -0.0050183 0.9990617
7.878754 -0.3859489 -0.0390704 3.8167477 -0.0066009 -0.0463958 -0.0070703 0.9988763
8.500847 -0.4145120 -0.0420268 4.0680165 0.0000392 -0.0491811 -0.0117789 0.9987204
8.915403 -0.4279036 -0.0442097 4.2133007 0.0054847 -0.0500400 -0.0044765 0.9987221
9.433986 -0.4419113 -0.0478373 4.3751998 -0.0013613 -0.0369494 -0.0030556 0.9993116
9.953059 -0.4432847 -0.0496119 4.5179319 -0.0019124 0.0091798 -0.0075741 0.9999273
10.264660 -0.4333741 -0.0509562 4.5950699 -0.0037807 0.0594297 -0.0068726 0.9982017
10.680620 -0.4055072 -0.0530118 4.6873651 -0.0021215 0.1555627 -0.0084846 0.9877873
10.992720 -0.3705917 -0.0539418 4.7477946 0.0006074 0.2464565 -0.0087570 0.9691141
11.408180 -0.3086337 -0.0563565 4.8124914 0.0007363 0.3706809 -0.0068981 0.9287344
11.719270 -0.2527333 -0.0577392 4.8486419 0.0035476 0.4549320 -0.0031053 0.8905137
12.030000 -0.1927770 -0.0597161 4.8766747 0.0034356 0.5263692 -0.0073101 0.8502178
12.444110 -0.1056053 -0.0613637 4.8997021 0.0093849 0.5935533 0.0030498 0.8047342
12.754690 -0.0362412 -0.0643064 4.9148293 0.0084690 0.6284865 -0.0059995 0.7777512
13.065200 0.0397236 -0.0651920 4.9233499 0.0200758 0.6530845 -0.0055400 0.7569986
13.375880 0.1243256 -0.0690658 4.9324064 0.0151823 0.6711488 -0.0049465 0.7411507
13.686720 0.2170579 -0.0723615 4.9372883 0.0172875 0.6840428 -0.0007634 0.7292367
13.997670 0.3203874 -0.0753509 4.9419532 0.0196204 0.6909801 0.0001952 0.7226074
14.204920 0.3944438 -0.0778127 4.9445114 0.0206944 0.6948233 0.0008880 0.7188821
14.515890 0.5146088 -0.0815945 4.9473190 0.0218382 0.6978059 0.0027578 0.7159486
14.826860 0.6441306 -0.0860893 4.9496183 0.0248390 0.6967296 0.0063747 0.7168753
15.241450 0.8315436 -0.0917694 4.9571667 0.0253128 0.6909230 0.0091886 0.7224266
15.759900 1.0821780 -0.1003422 4.9730682 0.0226457 0.6849154 0.0016173 0.7282687
16.174740 1.2883995 -0.1092130 4.9876361 0.0197815 0.6850162 -0.0007082 0.7282589
16.589330 1.4933968 -0.1183621 5.0026584 0.0164354 0.6854281 -0.0048695 0.7279385
17.004190 1.6977732 -0.1264608 5.0144296 0.0105409 0.6919510 -0.0062640 0.7218403
17.315390 1.8471988 -0.1321400 5.0185204 0.0109877 0.7012779 -0.0068897 0.7127700
17.626480 1.9954197 -0.1375660 5.0177541 0.0105653 0.7126682 -0.0054073 0.7014009
17.937460 2.1417243 -0.1425019 5.0124731 0.0117869 0.7240159 -0.0058037 0.6896582
18.248550 2.2855649 -0.1479782 5.0028453 0.0130565 0.7342072 -0.0061337 0.6787722
18.663260 2.4693425 -0.1554761 4.9835372 0.0143662 0.7444876 -0.0024841 0.6674771
18.974110 2.6000552 -0.1600969 4.9683676 0.0146796 0.7472898 0.0005887 0.6643359
19.388680 2.7599983 -0.1658853 4.9495697 0.0168040 0.7444041 0.0002090 0.6675178
19.802910 2.8999629 -0.1715100 4.9396887 0.0173190 0.7273146 -0.0015883 0.6860839
20.113500 2.9956763 -0.1762553 4.9417996 0.0180982 0.7013406 -0.0063515 0.7125683
20.527470 3.1193933 -0.1821374 4.9597449 0.0123863 0.6418655 -0.0049398 0.7667013
20.837960 3.2061839 -0.1857637 4.9907684 0.0070838 0.5786127 -0.0061268 0.8155487
21.148370 3.2799428 -0.1885485 5.0358582 0.0138861 0.4971357 -0.0065812 0.8675367
21.459000 3.3422213 -0.1906253 5.0954294 0.0161975 0.4049074 -0.0121347 0.9141337
21.770100 3.3934088 -0.1944587 5.1664042 0.0098559 0.3092713 -0.0086615 0.9508833
22.185310 3.4378498 -0.1981270 5.2762027 -0.0020191 0.1967522 -0.0097764 0.9804024
22.809640 3.4824424 -0.1995046 5.4624815 -0.0031458 0.1160478 -0.0138669 0.9931418
23.329700 3.5172157 -0.2004844 5.6365867 0.0013848 0.1075134 -0.0225121 0.9939477
23.848990 3.5609970 -0.2037757 5.8278766 0.0020108 0.1192524 -0.0244833 0.9925600
24.263960 3.6043272 -0.2059964 5.9952850 -0.0011095 0.1246695 -0.0174260 0.9920446
24.678100 3.6480100 -0.2087111 6.1734037 0.0053693 0.1216189 -0.0181851 0.9923958
24.989130 3.6819179 -0.2111447 6.3166924 -0.0010612 0.1187709 -0.0188422 0.9927423
25.403640 3.7269943 -0.2140452 6.5163817 0.0046759 0.1118015 -0.0197023 0.9935242
25.714630 3.7623010 -0.2170065 6.6746097 0.0015119 0.1085161 -0.0159397 0.9939657
26.025680 3.7969143 -0.2193610 6.8369646 0.0009791 0.1083678 -0.0167203 0.9939697
26.440340 3.8430247 -0.2234646 7.0575094 0.0008308 0.1120173 -0.0280890 0.9933088
26.854880 3.8952341 -0.2284106 7.2800918 0.0034436 0.1150717 -0.0208726 0.9931319
27.269470 3.9465010 -0.2327138 7.5031137 -0.0033895 0.1176637 -0.0253490 0.9927241
27.891280 4.0257306 -0.2403026 7.8314590 -0.0097983 0.1163265 -0.0159570 0.9930345
28.513230 4.0983152 -0.2457908 8.1512222 0.0050238 0.1100678 -0.0188034 0.9937335
29.031560 4.1523895 -0.2534192 8.4163189 0.0017450 0.1036202 -0.0250462 0.9943000
29.549760 4.2040744 -0.2602816 8.6775208 0.0036300 0.0927341 -0.0182980 0.9955161
30.068210 4.2473454 -0.2634149 8.9390049 0.0007729 0.0796246 -0.0210244 0.9966029
30.586670 4.2796278 -0.2676710 9.2043982 0.0049208 0.0605293 -0.0262267 0.9978096
31.208610 4.3069124 -0.2714767 9.5326500 -0.0037432 0.0371259 -0.0289182 0.9988851
31.726940 4.3198957 -0.2750974 9.8033371 0.0010938 0.0281735 -0.0357382 0.9989634
32.141650 4.3292422 -0.2764916 10.0206289 -0.0008562 0.0202391 -0.0293748 0.9993632
32.659980 4.3332343 -0.2782953 10.2950096 -0.0060761 0.0030720 -0.0221228 0.9997321
33.074830 4.3326893 -0.2797699 10.5147686 0.0045011 -0.0104642 -0.0088631 0.9998958
33.386030 4.3241320 -0.2810937 10.6827860 -0.0096574 -0.0183036 -0.0181085 0.9996218
33.697130 4.3148680 -0.2810650 10.8479023 0.0019949 -0.0226403 -0.0241239 0.9994506
34.112090 4.3031158 -0.2830328 11.0723886 -0.0058438 -0.0247525 -0.0216312 0.9994425
34.526940 4.2916613 -0.2849051 11.2945099 0.0066582 -0.0287515 -0.0093601 0.9995206
34.837900 4.2797174 -0.2875604 11.4630508 -0.0025956 -0.0302023 -0.0138508 0.9994445
35.148870 4.2683973 -0.2892588 11.6275501 0.0026988 -0.0309585 -0.0165718 0.9993796
35.459850 4.2555895 -0.2915192 11.7927399 -0.0018070 -0.0310074 -0.0217441 0.9992810
35.770940 4.2437644 -0.2930619 11.9529362 0.0032513 -0.0319998 -0.0233343 0.9992102
35.978300 4.2360644 -0.2942326 12.0570393 -0.0018396 -0.0336854 -0.0239774 0.9991431
36.393220 4.2226644 -0.2956887 12.2534885 -0.0013070 -0.0348812 -0.0199297 0.9991919
36.911770 4.2076879 -0.3001230 12.4763155 0.0038069 -0.0280486 -0.0163122 0.9994662
37.430160 4.1988306 -0.3035250 12.6889105 0.0065443 -0.0118342 -0.0218364 0.9996701
38.052310 4.1986833 -0.3092636 12.9383354 0.0018046 0.0065287 -0.0149775 0.9998649
38.362940 4.2005010 -0.3107448 13.0644379 -0.0012644 0.0062342 -0.0166849 0.9998406
38.777460 4.1994209 -0.3133438 13.2329092 0.0088147 0.0048342 -0.0231425 0.9996817
39.088300 4.1982636 -0.3150638 13.3626881 0.0020858 -0.0006512 -0.0248302 0.9996893
39.502980 4.1956248 -0.3163147 13.5398617 -0.0058737 -0.0072884 -0.0201437 0.9997533
39.917810 4.1932602 -0.3163639 13.7202768 -0.0036811 -0.0116865 -0.0078391 0.9998942
40.436270 4.1882086 -0.3179281 13.9450293 -0.0024654 -0.0142479 0.0029878 0.9998910
40.747350 4.1837730 -0.3188686 14.0789833 -0.0048992 -0.0149500 0.0046744 0.9998653
41.162090 4.1792564 -0.3214867 14.2554388 0.0054868 -0.0153246 0.0044389 0.9998577
41.784260 4.1710935 -0.3249049 14.4970627 -0.0070819 -0.0196525 0.0107836 0.9997236
42.508850 4.1434526 -0.3274321 14.7288418 -0.0048591 -0.0831386 0.0163473 0.9963921
43.026190 4.0937905 -0.3296860 14.8698959 0.0015642 -0.1835441 0.0088644 0.9829702
43.543500 4.0108500 -0.3315960 14.9818468 0.0052365 -0.3163016 -0.0191669 0.9484506
43.854350 3.9475315 -0.3303224 15.0366106 -0.0068815 -0.3967709 -0.0322869 0.9173238
44.165420 3.8790176 -0.3272305 15.0757122 -0.0124305 -0.4716836 -0.0387093 0.8808300
44.476270 3.8051956 -0.3230408 15.1061649 -0.0145909 -0.5465006 -0.0287424 0.8368381
44.787490 3.7218416 -0.3187265 15.1247196 -0.0129446 -0.6130155 -0.0265573 0.7895183
45.098960 3.6262729 -0.3141062 15.1338968 -0.0139913 -0.6636417 -0.0255276 0.7474840
45.410680 3.5220463 -0.3089364 15.1354427 -0.0114928 -0.6966618 -0.0242255 0.7168984
45.826510 3.3665483 -0.3015476 15.1273823 -0.0065589 -0.7199191 -0.0254319 0.6935608
46.242420 3.1927927 -0.2943349 15.1174726 -0.0060471 -0.7243052 -0.0249801 0.6890004
46.657810 2.9970016 -0.2865847 15.1080799 -0.0064696 -0.7235408 -0.0217402 0.6899089
46.969180 2.8335421 -0.2800745 15.0999441 -0.0054086 -0.7221763 -0.0211844 0.6913635
47.280390 2.6573212 -0.2738602 15.0925255 -0.0083699 -0.7204962 -0.0188168 0.6931530
47.695090 2.4066694 -0.2647494 15.0827560 -0.0141831 -0.7188300 -0.0213696 0.6947125
48.109680 2.1543117 -0.2557915 15.0731916 -0.0129740 -0.7202082 -0.0174126 0.6934181
48.524140 1.8996146 -0.2461270 15.0609255 -0.0214489 -0.7240424 -0.0196500 0.6891418
48.938730 1.6485820 -0.2357779 15.0445318 -0.0180020 -0.7272986 -0.0181685 0.6858444
49.457610 1.3389595 -0.2250369 15.0227108 -0.0103186 -0.7274903 -0.0198075 0.6857543
49.768340 1.1538939 -0.2199031 15.0119114 -0.0125415 -0.7254919 -0.0190040 0.6878540
50.079370 0.9724711 -0.2151832 15.0015755 -0.0159659 -0.7233145 -0.0159717 0.6901494
50.390360 0.7929712 -0.2079513 14.9949684 -0.0190494 -0.7226188 -0.0148448 0.6908247
50.908670 0.5000157 -0.1973425 14.9776945 -0.0160987 -0.7262510 -0.0166412 0.6870396
51.323380 0.2674394 -0.1898832 14.9595213 -0.0129240 -0.7325849 -0.0194904 0.6802738
51.738100 0.0410136 -0.1822938 14.9376383 -0.0087707 -0.7371828 -0.0256724 0.6751485
52.152940 -0.1753268 -0.1744795 14.9148521 -0.0039620 -0.7379350 -0.0304178 0.6741743
52.775000 -0.4676021 -0.1645278 14.8867025 -0.0008694 -0.7340961 -0.0345595 0.6781650
53.500560 -0.7619039 -0.1539528 14.8665934 -0.0011825 -0.7257457 -0.0328217 0.6871786
54.329880 -1.0240866 -0.1454416 14.8592558 -0.0051986 -0.7121876 -0.0333166 0.7011788
58.579590 -1.3307506 -0.1374387 14.8713217 0.0033207 -0.6858901 -0.0159048 0.7275238
59.616750 -1.4962120 -0.1354413 14.9098110 -0.0007512 -0.6050990 -0.0162510 0.7959840
60.343300 -1.6352477 -0.1329430 14.9965248 -0.0077284 -0.4634934 -0.0208929 0.8858203
60.758610 -1.7079260 -0.1314419 15.0812769 -0.0000795 -0.3501654 -0.0175156 0.9365241
61.069630 -1.7532225 -0.1309136 15.1652737 -0.0002420 -0.2569829 -0.0153568 0.9662939
61.380460 -1.7861078 -0.1317688 15.2667084 0.0000238 -0.1722676 -0.0102078 0.9849973
61.587570 -1.8032479 -0.1315019 15.3429346 0.0037347 -0.1235809 -0.0101103 0.9922760
61.794550 -1.8153893 -0.1324808 15.4269848 0.0032051 -0.0834496 -0.0095920 0.9964607
62.002740 -1.8242209 -0.1335728 15.5181770 0.0026104 -0.0538800 -0.0080382 0.9985117
62.311500 -1.8314328 -0.1357931 15.6643066 0.0020276 -0.0288866 -0.0050549 0.9995679
62.621740 -1.8378409 -0.1378362 15.8231115 0.0034373 -0.0165815 -0.0044179 0.9998469
62.932200 -1.8421789 -0.1395415 15.9921227 0.0031462 -0.0123440 -0.0039056 0.9999112
63.346530 -1.8484279 -0.1416795 16.2369843 0.0013299 -0.0125621 -0.0029464 0.9999159
63.761250 -1.8572701 -0.1458118 16.4967194 0.0076778 -0.0146362 -0.0056041 0.9998477
64.072220 -1.8643183 -0.1476861 16.7058392 -0.0027412 -0.0141532 -0.0042172 0.9998872
64.486930 -1.8736994 -0.1505004 16.9947128 0.0076550 -0.0164020 0.0004499 0.9998361
64.797940 -1.8805647 -0.1553121 17.2199345 0.0039415 -0.0175215 -0.0020423 0.9998366
65.108990 -1.8897766 -0.1567795 17.4544067 -0.0001309 -0.0169382 -0.0013588 0.9998556
65.419850 -1.8989816 -0.1599784 17.6977081 0.0044118 -0.0174458 0.0003684 0.9998380
65.627110 -1.9048460 -0.1632598 17.8619995 0.0025614 -0.0186293 0.0011213 0.9998226
65.938040 -1.9158241 -0.1669665 18.1111908 0.0046016 -0.0214636 0.0031881 0.9997540
66.248940 -1.9299245 -0.1711731 18.3618889 0.0068394 -0.0236687 0.0014993 0.9996954
66.559860 -1.9441557 -0.1767251 18.6106758 0.0005182 -0.0256915 -0.0009850 0.9996693
66.870960 -1.9586505 -0.1809077 18.8569889 0.0018659 -0.0259941 -0.0020208 0.9996583
67.181930 -1.9727165 -0.1860859 19.0987968 0.0061240 -0.0259861 -0.0020718 0.9996414
67.492970 -1.9863832 -0.1915823 19.3408470 0.0030476 -0.0254477 -0.0043961 0.9996619
67.803900 -2.0005457 -0.1959102 19.5811253 -0.0017519 -0.0247817 -0.0071130 0.9996660
68.114970 -2.0143714 -0.1991110 19.8175163 0.0032801 -0.0242381 -0.0114034 0.9996358
68.425940 -2.0274110 -0.2039016 20.0531216 0.0056015 -0.0236857 -0.0155303 0.9995831
68.736910 -2.0403028 -0.2086032 20.2907009 0.0028472 -0.0237293 -0.0154685 0.9995947
68.944270 -2.0488369 -0.2109786 20.4503746 0.0027842 -0.0235463 -0.0159022 0.9995924
69.255320 -2.0601029 -0.2141259 20.6914864 0.0029427 -0.0226205 -0.0154477 0.9996204
69.462640 -2.0684426 -0.2160315 20.8516121 0.0022294 -0.0219428 -0.0156835 0.9996337
69.773710 -2.0801160 -0.2200785 21.0925217 0.0068909 -0.0217141 -0.0160258 0.9996120
70.084660 -2.0916724 -0.2246442 21.3386688 0.0017589 -0.0214984 -0.0155501 0.9996464
70.292030 -2.0993247 -0.2267176 21.5025730 -0.0002799 -0.0211719 -0.0150712 0.9996622
70.706610 -2.1148546 -0.2314350 21.8277073 0.0025230 -0.0215511 -0.0110775 0.9997032
71.017600 -2.1237268 -0.2357739 22.0682259 -0.0014535 -0.0224881 -0.0076332 0.9997169
71.328430 -2.1341095 -0.2381433 22.3043652 0.0015972 -0.0230159 -0.0031434 0.9997289
71.639400 -2.1448753 -0.2426855 22.5367146 0.0004094 -0.0241088 -0.0007846 0.9997090
71.950250 -2.1557894 -0.2459456 22.7636528 -0.0031440 -0.0256559 0.0020323 0.9996638
72.261240 -2.1680014 -0.2487963 22.9833469 -0.0009690 -0.0272823 0.0036893 0.9996205
72.572060 -2.1809430 -0.2518701 23.1969013 -0.0011650 -0.0284626 0.0030035 0.9995897
72.986770 -2.1980083 -0.2549819 23.4683266 0.0007639 -0.0285899 0.0007636 0.9995906
73.297870 -2.2089787 -0.2585005 23.6592979 -0.0005516 -0.0262204 0.0011595 0.9996554
73.712560 -2.2196255 -0.2628843 23.8923607 -0.0033397 -0.0229164 0.0041523 0.9997232
74.127170 -2.2277145 -0.2658591 24.0972176 0.0004497 -0.0200851 0.0034827 0.9997921
74.541650 -2.2345393 -0.2696564 24.2769165 -0.0020085 -0.0188616 0.0031365 0.9998152
75.163080 -2.2493517 -0.2733196 24.4960747 0.0026176 -0.0429000 0.0012129 0.9990752
75.680410 -2.2819948 -0.2758368 24.6537533 -0.0011916 -0.1081069 -0.0019264 0.9941367
76.197600 -2.3443179 -0.2763456 24.7905979 -0.0083379 -0.2189325 -0.0065346 0.9756825
76.611340 -2.4210584 -0.2752739 24.8869400 -0.0149342 -0.3252237 -0.0160315 0.9453833
77.025530 -2.5273955 -0.2701892 24.9758072 -0.0256697 -0.4399613 -0.0087785 0.8976069
77.439860 -2.6660528 -0.2631731 25.0359898 -0.0236985 -0.5561025 -0.0007238 0.8307755
77.854700 -2.8300958 -0.2571577 25.0640278 -0.0276257 -0.6610444 0.0017012 0.7498361
78.166570 -2.9670382 -0.2528922 25.0572891 -0.0221324 -0.7124552 -0.0119742 0.7012663
78.479010 -3.1130576 -0.2461550 25.0422058 -0.0243330 -0.7354723 -0.0194113 0.6768394
78.791490 -3.2617860 -0.2391419 25.0246048 -0.0113786 -0.7415789 -0.0121967 0.6706582
79.103610 -3.4230409 -0.2340312 25.0093594 -0.0158419 -0.7406396 -0.0105053 0.6716336
79.311380 -3.5352616 -0.2307020 24.9981709 -0.0148314 -0.7401477 -0.0126658 0.6721615
79.518970 -3.6504197 -0.2269255 24.9858131 -0.0109801 -0.7384760 -0.0147178 0.6740296
79.726400 -3.7709427 -0.2235776 24.9748306 -0.0084865 -0.7353582 -0.0167055 0.6774195
80.037500 -3.9634933 -0.2186610 24.9593525 -0.0096133 -0.7310085 -0.0221623 0.6819406
80.348500 -4.1680760 -0.2097167 24.9465790 -0.0092395 -0.7278292 -0.0196970 0.6854132
80.659450 -4.3838658 -0.2005392 24.9340210 -0.0152471 -0.7244315 -0.0240467 0.6887585
80.970420 -4.6037292 -0.1905015 24.9231567 -0.0125189 -0.7219232 -0.0238346 0.6914492
81.281390 -4.8271751 -0.1816492 24.9130802 -0.0119968 -0.7215575 -0.0222602 0.6918926
81.592230 -5.0534344 -0.1727216 24.9018993 -0.0125793 -0.7225925 -0.0236019 0.6907567
81.903080 -5.2773390 -0.1642941 24.8891354 -0.0119525 -0.7235925 -0.0253622 0.6896578
82.317670 -5.5702353 -0.1531298 24.8720818 -0.0106622 -0.7268621 -0.0253513 0.6862326
82.732380 -5.8607597 -0.1417313 24.8496284 -0.0086661 -0.7315229 -0.0301781 0.6810936
83.147220 -6.1486812 -0.1299319 24.8263474 -0.0078697 -0.7334592 -0.0285929 0.6790863
83.458190 -6.3640113 -0.1217440 24.8094177 -0.0058294 -0.7317614 -0.0278132 0.6809682
83.769380 -6.5776587 -0.1152214 24.7946301 -0.0056146 -0.7274198 -0.0316028 0.6854416
84.080130 -6.7895207 -0.1061942 24.7844162 -0.0066358 -0.7221414 -0.0321929 0.6909641
84.494760 -7.0661588 -0.0954891 24.7754021 -0.0046368 -0.7152428 -0.0300534 0.6982142
84.909310 -7.3443480 -0.0841014 24.7729168 -0.0064893 -0.7086713 -0.0322007 0.7047737
85.324080 -7.6108365 -0.0729052 24.7734146 -0.0089307 -0.7050784 -0.0276945 0.7085321
85.842510 -7.9090362 -0.0627645 24.7755318 -0.0119763 -0.7059112 -0.0220007 0.7078573
86.360510 -8.1627750 -0.0562006 24.7712421 -0.0162999 -0.7147396 -0.0203083 0.6989057
86.982510 -8.4439182 -0.0462688 24.7538681 -0.0132554 -0.7297887 -0.0185134 0.6832935
87.604560 -8.7228355 -0.0383131 24.7263603 -0.0089529 -0.7410486 -0.0155517 0.6712116
87.915650 -8.8683577 -0.0343296 24.7093468 -0.0061567 -0.7449498 -0.0161352 0.6668970
88.330460 -9.0706387 -0.0293840 24.6846313 -0.0049735 -0.7464781 -0.0168603 0.6651778
88.745080 -9.2904625 -0.0212925 24.6574821 -0.0128914 -0.7448354 -0.0317144 0.6663695
89.159790 -9.5216751 -0.0103348 24.6309891 -0.0007493 -0.7403188 -0.0257513 0.6717622
89.678230 -9.8414469 0.0064802 24.6037331 -0.0034365 -0.7337999 -0.0269733 0.6788212
90.196710 -10.1903400 0.0202641 24.5786381 0.0042249 -0.7243777 -0.0337302 0.6885647
90.611400 -10.4902220 0.0288938 24.5705967 0.0000873 -0.7146912 -0.0254310 0.6989776
91.025980 -10.8011036 0.0400784 24.5664730 -0.0033344 -0.7083170 -0.0239893 0.7054788
91.440450 -11.1191425 0.0505759 24.5658169 -0.0061901 -0.7090423 -0.0250170 0.7046949
91.751300 -11.3570299 0.0574707 24.5623550 -0.0064819 -0.7124977 -0.0230240 0.7012666
92.062270 -11.5942707 0.0633800 24.5561447 -0.0099970 -0.7159761 -0.0174347 0.6978354
92.373110 -11.8307877 0.0706853 24.5475616 -0.0095167 -0.7186757 -0.0209800 0.6949636
92.580470 -11.9857864 0.0754825 24.5406456 -0.0051335 -0.7203789 -0.0206921 0.6932530
92.787830 -12.1398954 0.0795391 24.5329800 -0.0065996 -0.7216172 -0.0204390 0.6919590
92.994930 -12.2959595 0.0847593 24.5259628 -0.0128839 -0.7234489 -0.0228754 0.6898786
93.202160 -12.4474430 0.0904181 24.5168629 -0.0132825 -0.7256715 -0.0239383 0.6874965
93.513130 -12.6726503 0.0976001 24.5019054 -0.0088762 -0.7284782 -0.0200698 0.6847174
93.616750 -12.7478161 0.1000786 24.4974384 -0.0111990 -0.7291149 -0.0213220 0.6839674
93.927850 -12.9715252 0.1085037 24.4819660 -0.0157882 -0.7301326 -0.0229269 0.6827382
94.135100 -13.1191492 0.1147527 24.4710522 -0.0146223 -0.7299543 -0.0245671 0.6828977
94.446200 -13.3374252 0.1235101 24.4561100 -0.0101465 -0.7288743 -0.0239456 0.6841534
94.757290 -13.5551548 0.1314332 24.4428959 -0.0115763 -0.7275919 -0.0233197 0.6855161
95.068250 -13.7683353 0.1402078 24.4306049 -0.0154748 -0.7263796 -0.0257387 0.6866372
95.275590 -13.9052582 0.1453373 24.4226646 -0.0142438 -0.7256247 -0.0240283 0.6875234
95.586590 -14.1041660 0.1537938 24.4110737 -0.0160021 -0.7247925 -0.0269658 0.6882533
95.793800 -14.2281666 0.1583495 24.4049206 -0.0147116 -0.7245924 -0.0201977 0.6887245
96.104780 -14.4055510 0.1647582 24.3961735 -0.0218491 -0.7250749 -0.0196366 0.6880431
96.415650 -14.5664968 0.1698979 24.3863182 -0.0175272 -0.7274365 -0.0176713 0.6857235
96.830260 -14.7609320 0.1761031 24.3705139 -0.0144001 -0.7323081 -0.0209762 0.6804980
97.141140 -14.8965378 0.1809670 24.3568153 -0.0163604 -0.7414424 -0.0206513 0.6704991
97.658520 -15.1036644 0.1883407 24.3151093 -0.0171730 -0.7834240 -0.0173458 0.6210081
97.968620 -15.2170591 0.1920178 24.2722301 -0.0201570 -0.8242506 -0.0153294 0.5656586
98.278710 -15.3190823 0.1965306 24.2111397 0.0227222 0.8687729 0.0148408 -0.4944665
98.692720 -15.4335766 0.2024707 24.0985641 0.0217924 0.9247817 0.0177715 -0.3794575
99.003280 -15.4998579 0.2083649 23.9904366 0.0201250 0.9588717 0.0191617 -0.2824764
99.314240 -15.5481749 0.2127374 23.8646183 0.0231487 0.9827367 0.0208956 -0.1823625
99.625590 -15.5764322 0.2189090 23.7228775 0.0248562 0.9949902 0.0200411 -0.0947366
99.937560 -15.5869122 0.2249289 23.5667686 0.0187478 0.9988886 0.0198092 -0.0384400
100.249900 -15.5895844 0.2296409 23.3994789 0.0206480 0.9995756 0.0171365 -0.0113447
100.561800 -15.5873737 0.2340341 23.2248497 0.0239361 0.9996276 0.0074370 0.0107879
100.769500 -15.5795841 0.2346240 23.1022263 0.0224054 0.9994503 0.0080520 0.0230724
100.977200 -15.5709906 0.2362851 22.9749546 0.0224525 0.9992613 0.0073855 0.0303032
101.288400 -15.5545826 0.2376189 22.7760773 0.0190567 0.9991320 0.0074902 0.0362761
101.599500 -15.5351877 0.2398104 22.5669136 0.0171153 0.9988325 0.0102360 0.0439992
101.910600 -15.5111732 0.2423264 22.3494129 0.0147753 0.9986362 0.0080903 0.0494163
102.221800 -15.4878769 0.2439760 22.1257668 0.0131822 0.9987042 0.0055228 0.0488434
102.532900 -15.4644566 0.2451505 21.8896770 0.0094438 0.9988837 0.0075371 0.0456651
102.740300 -15.4493017 0.2465645 21.7305317 0.0071467 0.9990140 0.0086925 0.0429464
103.155000 -15.4240227 0.2515695 21.4117985 0.0077904 0.9990619 0.0181053 0.0385591
103.466500 -15.4064770 0.2561848 21.1728554 0.0063219 0.9992361 0.0146174 0.0356873
103.776800 -15.3907585 0.2602079 20.9350357 0.0075800 0.9993222 0.0142320 0.0330922
104.191300 -15.3677902 0.2652008 20.6200371 0.0013702 0.9995049 0.0123213 0.0289174
104.606000 -15.3500547 0.2702969 20.2978344 0.0007131 0.9995853 0.0152317 0.0244253
105.124200 -15.3310623 0.2796355 19.8923473 0.0046306 0.9995673 0.0191386 0.0218499
105.435200 -15.3170061 0.2841484 19.6542587 0.0007803 0.9996662 0.0107924 0.0234615
105.746100 -15.3041677 0.2862711 19.4128914 0.0020887 0.9996297 0.0115915 0.0245312
106.057600 -15.2923517 0.2891178 19.1736565 0.0012835 0.9997131 0.0107221 0.0213797
106.368200 -15.2816458 0.2906541 18.9361649 0.0013172 0.9998038 0.0100551 0.0170117
106.679300 -15.2738914 0.2942201 18.7005444 0.0030979 0.9997945 0.0125161 0.0156428
106.886500 -15.2686110 0.2957718 18.5445900 0.0046441 0.9998072 0.0110254 0.0155695
107.301100 -15.2566433 0.2986080 18.2327614 0.0119524 0.9996395 0.0099502 0.0218879
107.508500 -15.2469606 0.3001043 18.0762978 0.0074555 0.9996085 0.0072188 0.0259834
107.819600 -15.2334452 0.3025667 17.8360023 0.0063903 0.9995024 0.0139022 0.0275847
108.130800 -15.2210054 0.3040716 17.5976906 0.0120176 0.9994847 0.0053588 0.0292802
108.338200 -15.2113714 0.3055069 17.4355087 0.0098054 0.9994582 0.0115706 0.0292117
108.649300 -15.1960068 0.3094938 17.1922493 0.0109120 0.9995300 0.0110394 0.0264368
108.857100 -15.1870546 0.3121638 17.0285511 0.0120842 0.9995937 0.0108728 0.0234145
109.064600 -15.1785870 0.3142653 16.8635445 0.0135462 0.9995849 0.0151256 0.0204403
109.271400 -15.1704407 0.3167097 16.6982231 0.0121699 0.9996325 0.0137011 0.0199779
109.478900 -15.1629152 0.3187987 16.5322628 0.0146059 0.9995673 0.0138585 0.0214448
109.685700 -15.1535215 0.3213684 16.3667965 0.0124758 0.9994900 0.0160056 0.0246561
109.893000 -15.1433077 0.3242665 16.2008877 0.0125891 0.9994357 0.0159217 0.0267641
110.100400 -15.1338730 0.3262510 16.0375671 0.0128471 0.9994766 0.0100634 0.0279307
110.307900 -15.1234026 0.3279350 15.8703699 0.0118329 0.9993997 0.0125005 0.0300643
110.515400 -15.1105175 0.3303064 15.7017431 0.0079732 0.9993492 0.0146002 0.0320074
110.723200 -15.0978241 0.3319655 15.5360317 0.0101193 0.9993741 0.0046415 0.0335782
110.930400 -15.0864153 0.3311180 15.3672237 0.0134271 0.9992653 0.0003891 0.0358950
111.138000 -15.0720387 0.3308386 15.1918554 0.0130455 0.9991669 0.0119492 0.0367770
111.345300 -15.0563231 0.3343889 15.0185299 0.0117324 0.9991869 0.0149413 0.0355633
111.552700 -15.0443735 0.3382069 14.8473787 0.0148511 0.9992551 0.0093171 0.0343789
111.760100 -15.0307770 0.3370303 14.6814566 0.0164802 0.9993436 0.0068979 0.0315148
112.070900 -15.0167532 0.3350868 14.4310808 0.0196323 0.9993027 0.0111358 0.0297446
166.491400 1.5923103 -0.1221982 5.0159249 0.0107451 0.6908341 -0.0087629 0.7228804
168.460400 2.6136229 -0.1608340 4.9760098 0.0152726 0.7266537 -0.0033299 0.6868261
169.290200 3.0547035 -0.1794226 4.9441371 0.0081260 0.7503718 -0.0175347 0.6607334
169.912200 3.3611484 -0.1936930 4.8797855 0.0127195 0.7902235 -0.0068642 0.6126484
170.430300 3.6111381 -0.2033650 4.7987604 0.0147449 0.8126447 0.0030598 0.5825649
170.844500 3.8173916 -0.2069828 4.7261381 0.0176401 0.8169891 0.0021012 0.5763794
171.362500 4.0816264 -0.2154949 4.6329317 0.0173909 0.8189784 0.0034824 0.5735502
171.880900 4.3454165 -0.2212314 4.5251236 0.0199138 0.8348243 0.0020204 0.5501524
172.295300 4.5651240 -0.2301638 4.4223037 0.0259688 0.8479539 -0.0028458 0.5294259
172.813100 4.8502998 -0.2377183 4.2825699 0.0274808 0.8507741 0.0027829 0.5248051
173.227600 5.0667858 -0.2475978 4.1724067 0.0209468 0.8532424 -0.0004628 0.5210935
173.538700 5.2292604 -0.2546064 4.0868883 0.0144806 0.8607302 -0.0012191 0.5088539
173.849800 5.3873830 -0.2598014 3.9951177 0.0124100 0.8707864 -0.0003126 0.4915048
174.160700 5.5401464 -0.2657886 3.8976264 0.0129661 0.8817911 -0.0021926 0.4714568
174.471700 5.6858158 -0.2703213 3.7939663 0.0126780 0.8921744 -0.0010449 0.4515120
174.782600 5.8244309 -0.2753718 3.6867185 0.0156219 0.9005454 0.0007803 0.4344805
175.093400 5.9568067 -0.2795975 3.5777764 0.0196564 0.9039629 0.0031258 0.4271475
175.507600 6.1259627 -0.2850054 3.4399369 0.0237288 0.9022974 0.0054638 0.4304259
175.921900 6.2831655 -0.2906733 3.3186502 0.0249277 0.8967689 0.0065922 0.4417474
176.440400 6.4603319 -0.2975608 3.1865740 0.0274999 0.8944362 0.0023325 0.4463432
176.855100 6.5947447 -0.3021511 3.0817471 0.0272487 0.8982512 0.0075341 0.4385721
177.269700 6.7263398 -0.3062829 2.9764361 0.0247994 0.9028400 0.0041208 0.4292412
177.684300 6.8622599 -0.3108149 2.8656795 0.0228194 0.9045304 0.0005004 0.4257978
178.098700 7.0053124 -0.3145624 2.7495363 0.0199571 0.9016008 0.0093537 0.4320073
178.409600 7.1194282 -0.3158453 2.6634302 0.0170214 0.8961270 0.0060302 0.4434301
178.824300 7.2838116 -0.3186329 2.5488713 0.0060424 0.8914215 -0.0074983 0.4530728
179.342600 7.5010619 -0.3263612 2.3967738 0.0002775 0.8893509 -0.0083019 0.4571499
179.861100 7.7276978 -0.3322343 2.2341957 0.0035771 0.8910748 -0.0050142 0.4538147
180.379200 7.9719229 -0.3373814 2.0560474 -0.0026480 0.8930250 -0.0041246 0.4499803
180.897100 8.2213726 -0.3421018 1.8744833 -0.0087948 0.8933471 -0.0085966 0.4491990
181.311500 8.4185266 -0.3455189 1.7332799 -0.0026144 0.8907671 -0.0052380 0.4544224
181.518700 8.5152645 -0.3480376 1.6617191 0.0055365 0.8887454 -0.0016575 0.4583646
181.726000 8.6134510 -0.3509191 1.5928566 0.0026157 0.8887463 -0.0020790 0.4583873
181.933500 8.7113371 -0.3520892 1.5240340 -0.0017434 0.8894175 -0.0001284 0.4570923
182.140900 8.8084450 -0.3535517 1.4560897 -0.0036972 0.8906094 -0.0022493 0.4547485
182.348100 8.9045324 -0.3547741 1.3875411 -0.0047929 0.8915654 -0.0051721 0.4528372
182.555500 8.9980345 -0.3571758 1.3201890 -0.0037412 0.8924772 -0.0111478 0.4509392
182.866500 9.1407204 -0.3602958 1.2160397 -0.0046597 0.8931875 -0.0043808 0.4496389
183.177400 9.2798557 -0.3635091 1.1147760 -0.0009650 0.8928185 -0.0095434 0.4503146
183.488400 9.4143600 -0.3679256 1.0174370 -0.0049577 0.8929286 -0.0049092 0.4501443
183.799300 9.5408049 -0.3719711 0.9258119 0.0014974 0.8946294 -0.0131922 0.4466117
184.110400 9.6583433 -0.3762830 0.8353536 0.0010563 0.8980446 -0.0011670 0.4399016
184.421500 9.7648773 -0.3795869 0.7531343 0.0040365 0.9010899 -0.0047152 0.4335879
184.732400 9.8601227 -0.3832467 0.6761835 0.0110689 0.9013615 -0.0053072 0.4328934
185.146200 9.9797201 -0.3881514 0.5868489 0.0249145 0.8844280 0.0024339 0.4660049
185.456200 10.0744905 -0.3917064 0.5349908 0.0256067 0.8548999 0.0041685 0.5181438
185.766500 10.1728392 -0.3962639 0.4986177 0.0269635 0.8194745 -0.0012320 0.5724798
186.077300 10.2763519 -0.4007189 0.4753599 0.0273532 0.7807086 -0.0050484 0.6242759
186.388400 10.3877220 -0.4062746 0.4642701 0.0171704 0.7445620 -0.0033842 0.6673239
186.595900 10.4642067 -0.4088303 0.4615785 0.0124307 0.7261377 -0.0055114 0.6874148
186.907600 10.5847988 -0.4132058 0.4633817 0.0017573 0.7127404 -0.0145413 0.7012750
187.219300 10.7082205 -0.4168166 0.4645454 0.0000615 0.7115995 -0.0181569 0.7023507
187.738400 10.9231300 -0.4255640 0.4599286 0.0033699 0.7206030 -0.0233253 0.6929472
188.049500 11.0580206 -0.4311405 0.4527857 0.0016268 0.7276411 -0.0220132 0.6856028
188.464100 11.2422867 -0.4387276 0.4398972 -0.0008710 0.7347174 -0.0241262 0.6779436
188.775000 11.3847742 -0.4446863 0.4283788 -0.0000079 0.7361461 -0.0223860 0.6764524
188.982200 11.4828510 -0.4487010 0.4214809 -0.0020879 0.7347369 -0.0217629 0.6779998
189.189600 11.5793056 -0.4526961 0.4137838 -0.0020166 0.7343881 -0.0208718 0.6784058
189.397100 11.6784487 -0.4560677 0.4067613 -0.0058658 0.7336580 -0.0207994 0.6791752
189.604300 11.7779026 -0.4594414 0.3992031 -0.0054591 0.7328762 -0.0201957 0.6800402
189.811700 11.8757420 -0.4630122 0.3918787 -0.0014506 0.7325789 -0.0222514 0.6803168
190.019100 11.9742260 -0.4660205 0.3856929 -0.0037516 0.7334684 -0.0236928 0.6793001
190.226600 12.0745134 -0.4690583 0.3777795 -0.0018796 0.7340569 -0.0219520 0.6787304
190.434000 12.1728792 -0.4743115 0.3694039 0.0002266 0.7353573 -0.0261328 0.6771755
190.641300 12.2733450 -0.4789847 0.3608212 0.0009193 0.7373891 -0.0267681 0.6749369
191.056100 12.4779902 -0.4880984 0.3425457 0.0007862 0.7388115 -0.0205309 0.6735988
191.263600 12.5823812 -0.4929349 0.3325856 0.0025144 0.7386281 -0.0182990 0.6738601
191.574300 12.7399235 -0.4992050 0.3175370 0.0074675 0.7374690 -0.0150793 0.6751713
191.781600 12.8463984 -0.5031292 0.3096298 0.0031130 0.7355286 -0.0170658 0.6772715
192.196500 13.0570936 -0.5128976 0.2959923 0.0083071 0.7328208 -0.0233684 0.6799695
192.507200 13.2172651 -0.5203741 0.2851941 -0.0003564 0.7334606 -0.0164776 0.6795321
192.921800 13.4293194 -0.5293850 0.2700288 -0.0013065 0.7350272 -0.0223520 0.6776679
193.232700 13.5908155 -0.5359570 0.2565962 0.0003164 0.7351583 -0.0178397 0.6776606
193.543800 13.7541304 -0.5415411 0.2428653 0.0055882 0.7339919 -0.0176284 0.6789064
193.958400 13.9729013 -0.5495735 0.2269106 0.0013498 0.7335341 -0.0179522 0.6794142
194.372900 14.1959658 -0.5586007 0.2110161 -0.0009769 0.7355553 -0.0189349 0.6771993
194.683800 14.3644190 -0.5654279 0.1966238 0.0052435 0.7370453 -0.0181232 0.6755800
194.995100 14.5335693 -0.5721305 0.1838215 -0.0030359 0.7385888 -0.0168761 0.6739382
195.306300 14.7018118 -0.5780206 0.1710486 -0.0043500 0.7398835 -0.0226436 0.6723397
195.617300 14.8677416 -0.5866388 0.1555050 0.0020294 0.7393869 -0.0210022 0.6729500
195.928500 15.0324135 -0.5937018 0.1446057 0.0030937 0.7377776 -0.0225913 0.6746587
196.239700 15.1936445 -0.6031672 0.1334367 0.0003282 0.7361947 -0.0169582 0.6765572
196.551000 15.3487158 -0.6115958 0.1241660 0.0045098 0.7349708 -0.0217383 0.6777353
196.862100 15.5040712 -0.6186895 0.1149936 -0.0016367 0.7345897 -0.0175658 0.6782822
197.069400 15.6045742 -0.6227052 0.1077090 0.0022812 0.7330813 -0.0152096 0.6799671
197.276900 15.7027245 -0.6268256 0.1029421 0.0015741 0.7324540 -0.0169850 0.6806028
197.484100 15.7965355 -0.6308405 0.0969213 -0.0031313 0.7321393 -0.0137920 0.6810081
197.691400 15.8860712 -0.6340752 0.0911271 -0.0031860 0.7324300 -0.0137638 0.6806957
197.898800 15.9717207 -0.6371197 0.0855026 0.0005863 0.7330423 -0.0179495 0.6799459
198.106200 16.0530815 -0.6406410 0.0792758 0.0016565 0.7348075 -0.0172956 0.6780531
198.416900 16.1690884 -0.6462185 0.0686048 0.0019386 0.7414632 -0.0176426 0.6707587
198.624100 16.2434711 -0.6492355 0.0603171 0.0028068 0.7488728 -0.0176439 0.6624729
198.831300 16.3145638 -0.6525354 0.0501203 0.0037719 0.7571514 -0.0120808 0.6531168
199.038600 16.3812180 -0.6552280 0.0376433 0.0035523 0.7648566 -0.0056093 0.6441663
199.452900 16.5029182 -0.6592330 0.0119871 0.0107684 0.7787141 -0.0018207 0.6272839
199.867400 16.6047001 -0.6625274 -0.0128657 0.0152962 0.7883912 0.0020850 0.6149805
200.488700 16.7215443 -0.6666207 -0.0404681 0.0183549 0.7809983 0.0021798 0.6242596
200.902800 16.7821217 -0.6690364 -0.0488600 0.0202845 0.7573305 -0.0009423 0.6527159
201.316900 16.8409729 -0.6708468 -0.0472192 0.0156511 0.7153118 -0.0015635 0.6986284
201.627300 16.8828850 -0.6725708 -0.0386139 0.0086800 0.6731101 -0.0028277 0.7394860
201.937900 16.9245319 -0.6742755 -0.0230310 0.0045926 0.6172722 -0.0085846 0.7866894
202.248400 16.9682713 -0.6756687 -0.0003626 0.0116385 0.5473754 -0.0053278 0.8367893
202.559000 17.0118904 -0.6766511 0.0352172 0.0117036 0.4670602 -0.0075164 0.8841161
202.869600 17.0526733 -0.6784219 0.0844042 0.0092522 0.3773179 -0.0128069 0.9259490
203.180600 17.0907249 -0.6796504 0.1485589 0.0017794 0.2891975 -0.0166670 0.9571227
203.491800 17.1231842 -0.6805941 0.2278783 -0.0001208 0.2142958 -0.0243698 0.9764647
203.803400 17.1516209 -0.6811810 0.3233476 0.0005363 0.1623853 -0.0323702 0.9861962
204.011200 17.1709957 -0.6814720 0.3943574 0.0013527 0.1374217 -0.0293476 0.9900768
204.322500 17.1941986 -0.6822594 0.5129917 -0.0010525 0.0992948 -0.0289305 0.9946368
204.633800 17.2116146 -0.6838346 0.6436669 0.0063568 0.0679366 -0.0327136 0.9971329
204.945200 17.2246799 -0.6846913 0.7878925 0.0002798 0.0468815 -0.0335841 0.9983357
205.256500 17.2350655 -0.6855444 0.9441124 -0.0001679 0.0347695 -0.0340232 0.9988160
205.567700 17.2423267 -0.6861252 1.1102717 0.0004917 0.0319527 -0.0389883 0.9987285
205.878800 17.2527752 -0.6868633 1.2841505 0.0036705 0.0344380 -0.0362614 0.9987420
206.189800 17.2658558 -0.6890773 1.4648273 -0.0035634 0.0388169 -0.0318329 0.9987328
206.500800 17.2809563 -0.6906532 1.6488671 0.0017416 0.0429726 -0.0280742 0.9986802
206.915300 17.3031788 -0.6940071 1.9006324 -0.0023705 0.0464390 -0.0242409 0.9986241
207.329900 17.3261757 -0.6964763 2.1575556 0.0045735 0.0464696 -0.0246380 0.9986054
207.744400 17.3472862 -0.7001109 2.4191749 -0.0023754 0.0461797 -0.0303125 0.9984703
208.055400 17.3628292 -0.7006668 2.6168463 -0.0091476 0.0451342 -0.0351928 0.9983189
208.262600 17.3702641 -0.6978323 2.7479167 -0.0054710 0.0443124 -0.0362846 0.9983436
208.677300 17.3914528 -0.6993847 3.0071411 0.0014418 0.0444011 -0.0342039 0.9984270
208.988300 17.4077835 -0.7017751 3.1996772 -0.0029696 0.0467981 -0.0356828 0.9982624
209.402800 17.4304485 -0.7036065 3.4551396 -0.0070486 0.0527996 -0.0428225 0.9976617
209.713600 17.4515438 -0.7045880 3.6457422 -0.0019913 0.0526293 -0.0339789 0.9980339
210.024400 17.4701138 -0.7057807 3.8373377 -0.0075107 0.0485886 -0.0346152 0.9981906
210.231500 17.4798164 -0.7061813 3.9645345 -0.0004594 0.0461139 -0.0388183 0.9981816
210.438900 17.4900341 -0.7079780 4.0915618 0.0031932 0.0436945 -0.0397042 0.9982505
210.646200 17.4991589 -0.7098322 4.2202053 -0.0026299 0.0427326 -0.0408549 0.9982474
210.853500 17.5082493 -0.7107096 4.3470054 -0.0001240 0.0425038 -0.0427061 0.9981831
211.060800 17.5179234 -0.7131875 4.4729013 0.0011632 0.0437992 -0.0440368 0.9980686
211.371800 17.5342522 -0.7166417 4.6612911 -0.0025829 0.0462663 -0.0404515 0.9981064
211.682800 17.5511513 -0.7192431 4.8494916 0.0009865 0.0477105 -0.0377622 0.9981467
212.097500 17.5734291 -0.7216441 5.0990005 0.0053588 0.0505655 -0.0369806 0.9980215
212.408500 17.5915413 -0.7250184 5.2867236 0.0000901 0.0552694 -0.0357683 0.9978306
212.615700 17.6051254 -0.7264961 5.4112496 -0.0043550 0.0589337 -0.0332455 0.9976987
212.926700 17.6266899 -0.7294951 5.5938811 0.0025308 0.0653767 -0.0344871 0.9972613
213.134000 17.6434879 -0.7316517 5.7169604 0.0005069 0.0719962 -0.0321632 0.9968861
213.237800 17.6523685 -0.7327018 5.7774992 0.0002838 0.0749862 -0.0324448 0.9966566
213.445100 17.6722336 -0.7347519 5.8980398 -0.0026406 0.0802585 -0.0267154 0.9964125
213.652400 17.6927032 -0.7362365 6.0182400 -0.0007945 0.0856472 -0.0220709 0.9960807
213.859700 17.7126446 -0.7381078 6.1371880 -0.0000827 0.0891108 -0.0278680 0.9956318
214.067100 17.7329674 -0.7404084 6.2551289 0.0017070 0.0915714 -0.0294898 0.9953603
214.378000 17.7653141 -0.7441327 6.4302058 0.0003809 0.0902663 -0.0239639 0.9956293
214.585100 17.7862511 -0.7459601 6.5463829 -0.0013707 0.0871227 -0.0196480 0.9960029
214.792400 17.8052750 -0.7478729 6.6616049 -0.0006488 0.0831616 -0.0200134 0.9963349
214.999800 17.8242798 -0.7498223 6.7733893 0.0052441 0.0798607 -0.0178784 0.9966319
215.207200 17.8426094 -0.7521309 6.8861904 0.0003330 0.0779168 -0.0132207 0.9968721
215.414700 17.8617020 -0.7533116 6.9971399 -0.0056822 0.0770892 -0.0032443 0.9970027
215.621900 17.8786716 -0.7540174 7.1046128 -0.0021043 0.0775633 -0.0019663 0.9969833
215.932900 17.9027672 -0.7557110 7.2602787 -0.0007271 0.0815059 -0.0032515 0.9966673
216.244000 17.9283676 -0.7579136 7.4105330 -0.0031766 0.0899543 -0.0026539 0.9959373
216.555100 17.9573822 -0.7594529 7.5517735 0.0005375 0.1025493 -0.0013606 0.9947268
216.969700 17.9966755 -0.7629911 7.7227139 0.0024375 0.1217748 -0.0071166 0.9925292
217.384100 18.0367870 -0.7667190 7.8728671 -0.0014485 0.1366906 -0.0122204 0.9905373
217.798600 18.0749779 -0.7700335 8.0057344 -0.0004323 0.1397843 -0.0061428 0.9901628
218.316300 18.1177177 -0.7721981 8.1670847 0.0001177 0.1146799 0.0005997 0.9934023
218.730100 18.1366863 -0.7737365 8.2956400 0.0012882 0.0575011 0.0007505 0.9983443
219.143400 18.1309910 -0.7746159 8.4247713 0.0034760 -0.0309540 -0.0003834 0.9995147
219.556700 18.0980644 -0.7759657 8.5522861 -0.0024403 -0.1408257 -0.0040943 0.9900229
219.866900 18.0521564 -0.7754065 8.6454287 -0.0077112 -0.2296117 -0.0055453 0.9732360
220.280900 17.9604206 -0.7719690 8.7578964 -0.0130329 -0.3475129 -0.0154562 0.9374572
220.592000 17.8710938 -0.7681286 8.8336105 -0.0164690 -0.4258310 -0.0162168 0.9045075
220.903300 17.7647629 -0.7637759 8.8991766 -0.0056164 -0.4860557 -0.0157455 0.8737679
221.319400 17.6004257 -0.7581735 8.9824018 -0.0084919 -0.5188922 -0.0280126 0.8543383
221.735500 17.4264050 -0.7514126 9.0695124 -0.0052094 -0.5204474 -0.0318011 0.8532855
222.254900 17.1947727 -0.7431123 9.1890726 0.0042580 -0.5137179 -0.0363312 0.8571790
222.566200 17.0471382 -0.7386127 9.2688818 0.0027022 -0.5084989 -0.0378646 0.8602254
222.980800 16.8413792 -0.7321682 9.3828602 0.0028656 -0.5060155 -0.0345687 0.8618266
223.291600 16.6797199 -0.7272090 9.4720364 -0.0022648 -0.5037777 -0.0387636 0.8629602
223.602700 16.5184441 -0.7221367 9.5634289 0.0051869 -0.4993807 -0.0340813 0.8656965
224.018700 16.3006287 -0.7174208 9.6925402 0.0002947 -0.4858258 -0.0379212 0.8732326
224.432300 16.0918026 -0.7124683 9.8298597 0.0004583 -0.4676796 -0.0333243 0.8832695
224.846800 15.8901520 -0.7080579 9.9748449 -0.0065285 -0.4532476 -0.0272589 0.8909438
225.364500 15.6361580 -0.6994764 10.1617374 -0.0136365 -0.4570528 -0.0165451 0.8891811
225.882500 15.3719168 -0.6904352 10.3426352 -0.0118663 -0.4745843 -0.0096553 0.8800771
226.297200 15.1518478 -0.6835697 10.4829502 -0.0230794 -0.4884679 -0.0041736 0.8722666
226.711800 14.9269638 -0.6759082 10.6146202 -0.0233805 -0.5015244 0.0034299 0.8648207
227.126500 14.7007523 -0.6688154 10.7393579 -0.0270364 -0.5104601 0.0013708 0.8594753
227.645000 14.4199390 -0.6592724 10.8888092 -0.0210212 -0.5122305 0.0011707 0.8585899
228.059700 14.1993189 -0.6547104 11.0079393 -0.0145559 -0.5080727 -0.0000366 0.8611912
228.681600 13.8749790 -0.6468381 11.1883125 -0.0218146 -0.5053797 -0.0037796 0.8626130
229.199900 13.6178818 -0.6394829 11.3296747 -0.0215510 -0.5078330 -0.0046285 0.8611735
229.821900 13.3300886 -0.6314967 11.4862947 -0.0190822 -0.5119162 -0.0003464 0.8588234
230.340300 13.1125889 -0.6259636 11.5989542 -0.0177408 -0.5157992 -0.0037763 0.8565174
230.858500 12.9196835 -0.6214048 11.6982365 -0.0224481 -0.5183865 -0.0100838 0.8547922
231.791700 12.6557922 -0.6143750 11.8388672 -0.0198488 -0.5060700 -0.0062040 0.8622416
232.621300 12.5224504 -0.6101397 11.9238396 -0.0229813 -0.4725309 -0.0103141 0.8809541
233.865100 12.3782854 -0.6060571 12.0380669 -0.0047706 -0.4246147 -0.0095139 0.9053116
234.486700 12.2677145 -0.6041356 12.1322088 0.0021650 -0.4166837 -0.0125727 0.9089620
235.108000 12.1088791 -0.6003218 12.2593155 -0.0114953 -0.4370447 -0.0175168 0.8991957
235.418900 12.0165014 -0.5970725 12.3286819 -0.0166180 -0.4524200 -0.0126003 0.8915612
235.833500 11.8793297 -0.5917177 12.4225645 -0.0136700 -0.4745842 -0.0028758 0.8800992
236.248300 11.7251348 -0.5872635 12.5186348 -0.0204073 -0.4922220 0.0029147 0.8702255
236.663100 11.5586557 -0.5813617 12.6165733 -0.0291820 -0.4994520 0.0051521 0.8658347
237.078000 11.3828335 -0.5743968 12.7167387 -0.0270643 -0.5014461 0.0022797 0.8647624
237.596300 11.1506319 -0.5666263 12.8473930 -0.0193894 -0.5020612 0.0013901 0.8646135
238.114600 10.9109974 -0.5583227 12.9844542 -0.0237301 -0.5011576 -0.0037791 0.8650223
238.529100 10.7205210 -0.5521765 13.0947275 -0.0237075 -0.5013642 -0.0028229 0.8649069
238.943700 10.5295162 -0.5452685 13.2042723 -0.0263142 -0.5018144 -0.0021361 0.8645723
239.358400 10.3424072 -0.5385315 13.3112755 -0.0219971 -0.5037189 0.0048652 0.8635738
239.669300 10.2067184 -0.5349239 13.3866997 -0.0217686 -0.5044546 0.0015549 0.8631624
239.980200 10.0804625 -0.5323461 13.4566021 -0.0251490 -0.5058537 0.0028104 0.8622481
240.394800 9.9284573 -0.5291467 13.5386047 -0.0253119 -0.5136115 0.0020005 0.8576471
240.705800 9.8262081 -0.5264688 13.5895348 -0.0237290 -0.5255136 -0.0010996 0.8504535
241.016400 9.7277355 -0.5247347 13.6348066 -0.0195250 -0.5471949 0.0077763 0.8367413
241.326800 9.6282196 -0.5229304 13.6674595 -0.0211678 -0.5846745 0.0012346 0.8109908
241.533800 9.5614023 -0.5220714 13.6830168 -0.0218771 -0.6130847 -0.0037857 0.7897052
241.844500 9.4614429 -0.5194144 13.6960812 -0.0209311 -0.6543570 -0.0079876 0.7558538
242.155500 9.3586063 -0.5158682 13.6981859 -0.0147679 -0.6919734 -0.0136395 0.7216431
242.363000 9.2865429 -0.5127323 13.6955481 -0.0150861 -0.7094958 -0.0178832 0.7043211
242.674600 9.1719942 -0.5079992 13.6877832 -0.0169329 -0.7242466 -0.0271133 0.6887997
242.986100 9.0512190 -0.5005482 13.6782627 -0.0170921 -0.7298474 -0.0275618 0.6828403
243.297800 8.9202747 -0.4935196 13.6694584 -0.0183348 -0.7312773 -0.0208720 0.6815142
243.608600 8.7819347 -0.4865690 13.6593313 -0.0194413 -0.7308944 -0.0167253 0.6820086
243.919700 8.6312361 -0.4795844 13.6489410 -0.0205306 -0.7287631 -0.0188042 0.6841997
244.230800 8.4730005 -0.4722963 13.6411190 -0.0187766 -0.7247850 -0.0107335 0.6886355
244.541800 8.3040991 -0.4649237 13.6355677 -0.0246543 -0.7203555 -0.0100345 0.6930941
244.956500 8.0638494 -0.4543846 13.6289721 -0.0289228 -0.7163193 -0.0035177 0.6971641
245.371100 7.8164730 -0.4453029 13.6220808 -0.0263928 -0.7161451 -0.0002198 0.6974522
245.681900 7.6250420 -0.4387090 13.6149006 -0.0329599 -0.7175518 -0.0092942 0.6956627
246.096500 7.3688617 -0.4300326 13.6046715 -0.0273123 -0.7213086 -0.0003156 0.6920750
246.407500 7.1794996 -0.4231724 13.5944796 -0.0332809 -0.7230347 -0.0076559 0.6899670
246.822300 6.9350915 -0.4124520 13.5804596 -0.0274601 -0.7241735 -0.0029310 0.6890646
247.133300 6.7549295 -0.4073032 13.5717010 -0.0333646 -0.7237067 -0.0069720 0.6892654
247.444100 6.5713964 -0.4001353 13.5628452 -0.0298367 -0.7224549 -0.0016423 0.6907720
247.755100 6.3936877 -0.3967280 13.5577078 -0.0311638 -0.7216607 0.0018840 0.6915425
248.066100 6.2146091 -0.3911448 13.5519743 -0.0342556 -0.7206769 0.0004558 0.6924241
248.584300 5.9212012 -0.3826885 13.5432997 -0.0407167 -0.7223477 0.0033273 0.6903223
248.998900 5.6926455 -0.3754558 13.5318394 -0.0407690 -0.7262613 -0.0006327 0.6862085
249.413400 5.4745059 -0.3679919 13.5244226 -0.0380777 -0.7314977 -0.0009026 0.6807793
249.931900 5.2245445 -0.3521187 13.5021381 -0.0334123 -0.7309872 -0.0042957 0.6815592
250.761600 4.8950849 -0.3426771 13.5003452 -0.0341367 -0.7046690 -0.0041331 0.7087025
252.111200 4.4574933 -0.3237523 13.6225672 -0.0135590 -0.4956460 -0.0177739 0.8682368
252.422500 4.3755507 -0.3200013 13.6922722 -0.0163698 -0.4132650 -0.0176446 0.9102926
253.044200 4.2483964 -0.3164873 13.8746614 0.0008711 -0.2532867 -0.0091204 0.9673479
253.562300 4.1832466 -0.3177216 14.0682535 0.0006881 -0.1304612 -0.0094020 0.9914086
253.769300 4.1687407 -0.3188858 14.1534700 0.0066401 -0.0902253 -0.0037260 0.9958923
253.976200 4.1579714 -0.3204178 14.2431593 0.0122207 -0.0606310 -0.0005985 0.9980853
254.906600 4.1408024 -0.3259198 14.6806250 0.0026233 -0.0176858 0.0108025 0.9997818
256.046100 4.1205382 -0.3370777 15.2708683 -0.0015353 -0.0251067 0.0279422 0.9992930
256.979100 4.0903401 -0.3445328 15.8071251 -0.0010110 -0.0245708 0.0121200 0.9996241
257.704200 4.0672212 -0.3486295 16.2616100 -0.0032672 -0.0243308 0.0098351 0.9996502
258.429600 4.0415478 -0.3531594 16.7328587 -0.0008496 -0.0275050 0.0077273 0.9995914
258.637000 4.0337062 -0.3552650 16.8691826 -0.0040511 -0.0278649 0.0071267 0.9995781
259.051600 4.0192614 -0.3571642 17.1334896 0.0012279 -0.0289857 0.0090972 0.9995376
259.362500 4.0068145 -0.3602708 17.3310642 0.0050384 -0.0306145 0.0097394 0.9994711
259.777000 3.9896076 -0.3640836 17.5936432 -0.0002267 -0.0308434 0.0072039 0.9994982
260.088000 3.9765906 -0.3670072 17.7878494 0.0009820 -0.0290126 0.0031577 0.9995736
260.502700 3.9618132 -0.3712262 18.0418701 0.0017363 -0.0283966 0.0004457 0.9995951
260.917100 3.9459903 -0.3748211 18.2956791 -0.0020816 -0.0278194 -0.0032052 0.9996057
261.228100 3.9359267 -0.3764220 18.4830227 -0.0005421 -0.0291351 0.0009985 0.9995748
261.539100 3.9237347 -0.3788569 18.6702957 0.0005095 -0.0324254 0.0016223 0.9994727
261.746300 3.9144404 -0.3797094 18.7950916 -0.0073512 -0.0353609 -0.0024944 0.9993445
262.057300 3.9002373 -0.3810295 18.9788647 -0.0011211 -0.0401886 0.0007044 0.9991912
262.368600 3.8847997 -0.3836318 19.1627464 0.0000975 -0.0460182 0.0044485 0.9989307
262.679300 3.8649392 -0.3860475 19.3443279 0.0047506 -0.0532953 0.0026400 0.9985640
262.990100 3.8432984 -0.3890981 19.5250874 -0.0016183 -0.0611082 -0.0000006 0.9981298
263.301200 3.8169203 -0.3909676 19.7056293 -0.0003853 -0.0647994 -0.0123943 0.9978213
263.612300 3.7908034 -0.3923262 19.8854179 0.0031672 -0.0637872 -0.0205456 0.9977470
263.923200 3.7672684 -0.3949186 20.0673084 0.0008224 -0.0575141 -0.0210064 0.9981233
264.337800 3.7405896 -0.3961133 20.3103657 -0.0019549 -0.0451994 -0.0291777 0.9985499
264.752300 3.7203219 -0.3990335 20.5525532 0.0005227 -0.0348915 -0.0255265 0.9990649
265.166900 3.7035048 -0.4015509 20.7991562 0.0011746 -0.0277488 -0.0221227 0.9993694
265.685200 3.6871307 -0.4063829 21.1042271 -0.0036210 -0.0229967 -0.0255625 0.9994021
266.203500 3.6727400 -0.4106027 21.4073486 -0.0008299 -0.0221311 -0.0228699 0.9994931
266.514500 3.6642132 -0.4121474 21.5872135 -0.0020417 -0.0219812 -0.0203610 0.9995490
266.825500 3.6564708 -0.4139743 21.7590866 -0.0002440 -0.0207162 -0.0167415 0.9996452
267.343800 3.6449585 -0.4176443 22.0326366 0.0000929 -0.0140210 -0.0178660 0.9997421
267.758400 3.6397715 -0.4222494 22.2356586 0.0025495 -0.0026737 -0.0213227 0.9997658
268.069400 3.6405327 -0.4246421 22.3788166 -0.0060415 0.0046888 -0.0154950 0.9998507
268.587600 3.6446979 -0.4278867 22.5907230 0.0047203 0.0059500 -0.0113618 0.9999066
269.105800 3.6450841 -0.4319051 22.7946339 -0.0004223 -0.0021674 -0.0052471 0.9999838
269.623700 3.6356819 -0.4348736 22.9930420 0.0026447 -0.0338661 -0.0029254 0.9994186
269.934700 3.6200790 -0.4365925 23.1151161 0.0016444 -0.0553237 -0.0116232 0.9983995
270.245800 3.6001813 -0.4381800 23.2438087 0.0055313 -0.0688020 -0.0195704 0.9974231
270.557000 3.5793376 -0.4394248 23.3795795 0.0047022 -0.0698682 -0.0225679 0.9972898
270.972000 3.5541592 -0.4410891 23.5735378 0.0046496 -0.0563104 -0.0227419 0.9981434
271.490400 3.5323215 -0.4439476 23.8342972 0.0046483 -0.0283458 -0.0260522 0.9992478
271.904900 3.5238616 -0.4486476 24.0575542 0.0088273 -0.0124230 -0.0206818 0.9996700
272.319200 3.5194654 -0.4525678 24.2967072 0.0056773 -0.0046484 -0.0160577 0.9998441
272.837300 3.5139165 -0.4563206 24.6103287 0.0031006 -0.0106075 -0.0131328 0.9998527
273.355800 3.5043132 -0.4619597 24.9257927 0.0056460 -0.0206698 -0.0059935 0.9997525
273.770400 3.4903657 -0.4655846 25.1815472 0.0002877 -0.0242436 -0.0107479 0.9996483
274.288800 3.4726560 -0.4696470 25.4943275 0.0048459 -0.0269807 -0.0132250 0.9995367
274.703400 3.4597864 -0.4734483 25.7441730 -0.0038400 -0.0265493 -0.0115681 0.9995732
275.118100 3.4466386 -0.4770602 25.9883747 0.0050757 -0.0259039 -0.0147768 0.9995424
275.532800 3.4353876 -0.4821484 26.2283516 -0.0010794 -0.0248505 -0.0083269 0.9996559
275.947300 3.4227712 -0.4868176 26.4542732 0.0032793 -0.0267202 -0.0125008 0.9995594
276.258100 3.4112682 -0.4898360 26.6148777 0.0014234 -0.0344771 -0.0115106 0.9993382
276.568800 3.3972495 -0.4921533 26.7676201 -0.0037177 -0.0446340 -0.0116504 0.9989285
277.087000 3.3696454 -0.4958168 27.0020199 0.0022645 -0.0624817 -0.0140243 0.9979450
277.501600 3.3430693 -0.4987358 27.1709747 -0.0002215 -0.0809295 -0.0169946 0.9965749
277.916600 3.3138165 -0.5000667 27.3173466 -0.0037299 -0.0836556 -0.0318210 0.9959795
278.436400 3.2976885 -0.5023326 27.4743576 -0.0010514 -0.0246783 -0.0410193 0.9988530
278.748900 3.3071406 -0.5050713 27.5572891 0.0007254 0.0516535 -0.0397890 0.9978719
279.061200 3.3309004 -0.5070849 27.6320534 0.0058731 0.1490660 -0.0321360 0.9882874
279.477800 3.3871408 -0.5123867 27.7151508 0.0095494 0.2901494 -0.0215247 0.9566916
279.788700 3.4435914 -0.5153140 27.7647038 0.0073233 0.3886397 -0.0104426 0.9213015
280.099700 3.5072932 -0.5183210 27.7999840 0.0113962 0.4791358 -0.0031972 0.8776610
280.410500 3.5773449 -0.5203215 27.8262367 0.0062744 0.5615696 -0.0056936 0.8273861
280.617800 3.6288397 -0.5223148 27.8355331 0.0142129 0.6076905 0.0007554 0.7940465
280.927900 3.7143879 -0.5249756 27.8465633 0.0159852 0.6577597 -0.0052716 0.7530398
281.238000 3.8109937 -0.5287205 27.8500423 0.0190202 0.6870030 -0.0019937 0.7264029
281.444500 3.8801131 -0.5303640 27.8517647 0.0219193 0.6944950 -0.0003315 0.7191635
281.650900 3.9535844 -0.5329342 27.8546925 0.0200483 0.6937285 0.0004300 0.7199574
281.961100 4.0716429 -0.5369703 27.8600121 0.0196998 0.6908764 0.0010240 0.7227037
282.271600 4.1983352 -0.5408298 27.8671989 0.0204007 0.6879663 0.0014806 0.7254543
282.582400 4.3329101 -0.5454874 27.8758259 0.0247394 0.6850522 -0.0044684 0.7280601
282.893500 4.4771724 -0.5508420 27.8867207 0.0174782 0.6832162 -0.0026392 0.7300022
283.308100 4.6811829 -0.5578606 27.9011517 0.0159896 0.6807863 -0.0001407 0.7323076
283.722700 4.8953576 -0.5653673 27.9176636 0.0231859 0.6806208 -0.0078149 0.7322272
284.137500 5.1201468 -0.5762284 27.9342861 0.0146985 0.6843689 -0.0050630 0.7289702
284.552100 5.3504877 -0.5847989 27.9471779 0.0190996 0.6865547 -0.0016653 0.7268254
284.966700 5.5880365 -0.5940201 27.9630928 0.0151113 0.6859217 -0.0039423 0.7275078
285.485100 5.8922868 -0.6067505 27.9829006 0.0171281 0.6849158 -0.0070648 0.7283866
286.003400 6.1919956 -0.6183823 28.0012512 0.0125997 0.6859861 -0.0015540 0.7275039
286.521500 6.4914622 -0.6299774 28.0170116 0.0173255 0.6880509 0.0010516 0.7254549
287.143500 6.8445835 -0.6464202 28.0381107 0.0195026 0.6866474 -0.0079490 0.7266855
287.454400 7.0201149 -0.6538002 28.0481606 0.0148986 0.6860493 -0.0008140 0.7274020
288.076500 7.3566194 -0.6693862 28.0692005 0.0204698 0.6840454 -0.0099838 0.7290838
288.283800 7.4684968 -0.6749800 28.0769062 0.0162246 0.6812195 -0.0076640 0.7318593
288.594600 7.6338959 -0.6819361 28.0913239 0.0140212 0.6730167 -0.0012673 0.7394933
288.801800 7.7416453 -0.6854729 28.1037178 0.0132444 0.6653547 -0.0030749 0.7464035
289.009200 7.8473086 -0.6901007 28.1184158 0.0148903 0.6572685 -0.0073769 0.7534732
289.216400 7.9538207 -0.6942933 28.1362209 0.0104702 0.6499903 -0.0072258 0.7598361
289.423800 8.0584335 -0.6983116 28.1550350 0.0092431 0.6428307 -0.0071575 0.7659191
289.734900 8.2123280 -0.7047777 28.1852722 0.0121249 0.6339149 -0.0100774 0.7732421
290.046000 8.3660593 -0.7110474 28.2191162 0.0074762 0.6240282 -0.0049051 0.7813506
290.356800 8.5163651 -0.7164854 28.2564697 0.0123372 0.6119763 -0.0063704 0.7907542
290.667800 8.6676550 -0.7213590 28.2985611 0.0123855 0.5975180 0.0003639 0.8017598
290.978900 8.8144331 -0.7284890 28.3453617 0.0225915 0.5849069 -0.0012177 0.8107849
291.289900 8.9586906 -0.7347883 28.3965683 0.0164702 0.5751464 0.0017146 0.8178829
291.600800 9.0974121 -0.7412338 28.4510498 0.0149057 0.5663986 -0.0000012 0.8239967
292.015500 9.2813187 -0.7490361 28.5273170 0.0144175 0.5536562 -0.0002314 0.8326206
292.326500 9.4157801 -0.7555328 28.5870342 0.0222024 0.5439795 -0.0040404 0.8387949
292.637200 9.5477095 -0.7634068 28.6508198 0.0188513 0.5322438 -0.0051550 0.8463655
293.051800 9.7175827 -0.7728606 28.7401581 0.0160580 0.5163817 -0.0079057 0.8561714
293.466500 9.8826904 -0.7827564 28.8332920 0.0213334 0.4996537 -0.0126218 0.8658705
293.881200 10.0404720 -0.7923776 28.9319935 0.0096111 0.4840475 -0.0036865 0.8749812
294.295800 10.1847811 -0.7992386 29.0294685 0.0142178 0.4682862 -0.0073656 0.8834317
294.710500 10.3129625 -0.8064404 29.1212025 0.0111954 0.4588272 -0.0095043 0.8884041
295.333100 10.4761724 -0.8166148 29.2363605 0.0106009 0.4705892 -0.0147535 0.8821654
295.851800 10.5875483 -0.8220316 29.3011856 0.0074899 0.5036519 -0.0044824 0.8638626
296.370700 10.6907387 -0.8263540 29.3457165 0.0155396 0.5575805 -0.0101195 0.8299158
296.785700 10.7760668 -0.8307118 29.3644714 0.0170719 0.6184601 -0.0017878 0.7856287
297.200700 10.8612022 -0.8347774 29.3704891 0.0183076 0.6858136 -0.0087648 0.7274941
297.615500 10.9547644 -0.8380694 29.3567543 0.0184359 0.7566820 -0.0066043 0.6534898
297.926700 11.0280972 -0.8415399 29.3319588 0.0109093 0.8076810 -0.0038846 0.5895060
298.237700 11.1044130 -0.8438522 29.2921314 0.0075453 0.8571550 -0.0036760 0.5149903
298.445100 11.1576452 -0.8442252 29.2537632 0.0059994 0.8859661 -0.0043472 0.4636908
298.755400 11.2400389 -0.8449318 29.1789112 0.0080075 0.9155567 -0.0016253 0.4021058
299.065300 11.3271523 -0.8454722 29.0859089 0.0092106 0.9304468 -0.0002364 0.3663112
299.375400 11.4198923 -0.8468410 28.9788151 0.0102138 0.9385909 -0.0003154 0.3448808
299.685500 11.5185642 -0.8476689 28.8575134 0.0112139 0.9430649 0.0030378 0.3324058
299.995800 11.6236830 -0.8486187 28.7270851 0.0123005 0.9444693 0.0008235 0.3283682
300.306400 11.7369499 -0.8498185 28.5834026 0.0112798 0.9455113 0.0028700 0.3253811
300.617100 11.8553028 -0.8499218 28.4327049 0.0119039 0.9462577 0.0042099 0.3231670
300.927800 11.9751282 -0.8513252 28.2800884 0.0151378 0.9460642 0.0028176 0.3236130
301.342200 12.1352320 -0.8555881 28.0754299 0.0165546 0.9446858 0.0050452 0.3275199
301.756800 12.2948046 -0.8595021 27.8780575 0.0162302 0.9436237 0.0056807 0.3305732
302.171400 12.4546022 -0.8626775 27.6817703 0.0175596 0.9427592 0.0036244 0.3329920
302.586100 12.6113071 -0.8682285 27.4931755 0.0151355 0.9428596 0.0042571 0.3328190
303.000800 12.7651148 -0.8722869 27.3037796 0.0157855 0.9432938 0.0044772 0.3315535
303.415400 12.9171610 -0.8772936 27.1158180 0.0158341 0.9435360 0.0048617 0.3308555
303.622600 12.9922009 -0.8782359 27.0234089 0.0137723 0.9432247 0.0077611 0.3317789
304.037200 13.1402512 -0.8799469 26.8404636 0.0145209 0.9413853 0.0048898 0.3369850
304.348000 13.2568541 -0.8814448 26.7021770 0.0161078 0.9404137 0.0039784 0.3396276
304.659000 13.3755283 -0.8835490 26.5611839 0.0170055 0.9399723 0.0035528 0.3408082
304.970100 13.4971418 -0.8857662 26.4166622 0.0120965 0.9404337 0.0007313 0.3397610
305.281100 13.6207380 -0.8882971 26.2691212 0.0127034 0.9407820 0.0044718 0.3387447
305.488400 13.7015581 -0.8902255 26.1707611 0.0150342 0.9407337 0.0053899 0.3387700
305.695700 13.7829275 -0.8918324 26.0737457 0.0152723 0.9404988 0.0046165 0.3394221
305.902900 13.8641644 -0.8936483 25.9777660 0.0154057 0.9399461 0.0037829 0.3409542
306.213700 13.9842863 -0.8975167 25.8370571 0.0153016 0.9391661 0.0022566 0.3431150
306.524700 14.1031485 -0.9011176 25.6987171 0.0151518 0.9385830 0.0000602 0.3447206
306.835700 14.2225990 -0.9053276 25.5610676 0.0114358 0.9385067 0.0016124 0.3450677
307.042900 14.2977753 -0.9075094 25.4725494 0.0115026 0.9387569 0.0032419 0.3443730
307.561300 14.4703569 -0.9116980 25.2710781 0.0118521 0.9414528 0.0045753 0.3369053
307.976000 14.5844374 -0.9149566 25.1249790 0.0138577 0.9473538 0.0047436 0.3198535
308.495000 14.6902685 -0.9197918 24.9622059 0.0140642 0.9650154 0.0021686 0.2618068
308.806900 14.7308245 -0.9216852 24.8673515 0.0157293 0.9809372 0.0020448 0.1936767
309.223100 14.7543478 -0.9232676 24.7366638 0.0158580 0.9976791 0.0113983 0.0652309
309.535200 14.7470961 -0.9221320 24.6418495 0.0176438 0.9986894 0.0129003 -0.0462793
309.846600 14.7190533 -0.9206512 24.5520096 0.0197561 0.9873956 0.0157475 -0.1562425
310.157900 14.6710911 -0.9171035 24.4675846 0.0214121 0.9660475 0.0204845 -0.2566595
310.572000 14.5850096 -0.9102852 24.3638535 0.0197802 0.9317178 0.0258701 -0.3617201
311.089300 14.4443874 -0.8996479 24.2446213 0.0119242 0.8922157 0.0338059 -0.4501845
311.296400 14.3786192 -0.8946528 24.2023373 0.0085143 0.8752086 0.0346409 -0.4824288
311.710900 14.2283325 -0.8845192 24.1274757 -0.0079014 -0.8428082 -0.0319817 0.5372049
311.918000 14.1448936 -0.8798542 24.0943756 -0.0087675 -0.8272812 -0.0295711 0.5609407
312.228800 14.0086775 -0.8720434 24.0504360 -0.0165054 -0.8062703 -0.0245709 0.5908062
312.436000 13.9106579 -0.8669989 24.0240459 -0.0206104 -0.7943770 -0.0250339 0.6065590
312.746800 13.7578897 -0.8578834 23.9876366 -0.0161412 -0.7784330 -0.0234868 0.6270805
312.954000 13.6493835 -0.8519858 23.9665775 -0.0172199 -0.7673680 -0.0246344 0.6405022
313.161100 13.5368824 -0.8458077 23.9492702 -0.0186812 -0.7591122 -0.0199810 0.6503848
313.471800 13.3594427 -0.8376850 23.9251671 -0.0162057 -0.7505955 -0.0135314 0.6604246
313.782300 13.1727085 -0.8306085 23.9027023 -0.0187790 -0.7466173 -0.0146448 0.6648275
314.093000 12.9825096 -0.8220455 23.8820744 -0.0178410 -0.7439447 -0.0154150 0.6678251
314.404000 12.7904644 -0.8146727 23.8605080 -0.0154034 -0.7408515 -0.0168310 0.6712812
314.714800 12.5941992 -0.8070912 23.8412094 -0.0135878 -0.7380694 -0.0190363 0.6743193
315.129300 12.3267021 -0.7967771 23.8168087 -0.0118952 -0.7344109 -0.0213081 0.6782662
315.440400 12.1249342 -0.7888155 23.7996960 -0.0098675 -0.7313620 -0.0240327 0.6814945
315.855100 11.8576355 -0.7795307 23.7803288 -0.0092718 -0.7275994 -0.0249059 0.6854873
316.165900 11.6576319 -0.7710991 23.7691059 -0.0094184 -0.7259626 -0.0275984 0.6871156
316.373000 11.5257721 -0.7657744 23.7613735 -0.0102662 -0.7247630 -0.0284018 0.6883361
316.787600 11.2653818 -0.7542772 23.7481880 -0.0121170 -0.7227128 -0.0285969 0.6904503
316.995100 11.1349287 -0.7482268 23.7423019 -0.0105207 -0.7221080 -0.0274984 0.6911535
317.305800 10.9440918 -0.7409996 23.7337646 -0.0136961 -0.7220206 -0.0274639 0.6911905
317.513500 10.8181229 -0.7353765 23.7275066 -0.0141217 -0.7220209 -0.0274851 0.6911808
317.824000 10.6311884 -0.7267692 23.7185802 -0.0128800 -0.7219792 -0.0280280 0.6912268
318.135000 10.4447861 -0.7191933 23.7093010 -0.0133080 -0.7215427 -0.0275450 0.6916938
318.445900 10.2620583 -0.7108672 23.7008896 -0.0123782 -0.7203381 -0.0268187 0.6929939
318.860400 10.0249405 -0.7019751 23.6926231 -0.0108190 -0.7170948 -0.0237345 0.6964874
319.171400 9.8553352 -0.6959691 23.6881504 -0.0135228 -0.7139005 -0.0237449 0.6997138
319.586100 9.6426430 -0.6885089 23.6855030 -0.0147149 -0.7089337 -0.0223942 0.7047660
319.897000 9.4961100 -0.6834587 23.6847286 -0.0165132 -0.7099783 -0.0178614 0.7038034
320.311200 9.3142986 -0.6765293 23.6791058 -0.0219466 -0.7195410 -0.0159486 0.6939199
320.725300 9.1525946 -0.6706921 23.6645050 -0.0248483 -0.7396127 -0.0154426 0.6723965
321.345300 8.9600334 -0.6631066 23.6160717 -0.0311353 -0.8165543 -0.0135066 0.5762700
321.861900 8.8418856 -0.6577283 23.5317039 0.0359677 0.9032173 0.0127347 -0.4274841
322.172300 8.7906933 -0.6543660 23.4626293 0.0348449 0.9448559 0.0137782 -0.3253356
322.483200 8.7552900 -0.6517131 23.3825912 0.0316812 0.9738024 0.0214373 -0.2241552
322.690600 8.7382669 -0.6498793 23.3234386 0.0301161 0.9856664 0.0212929 -0.1646252
323.002100 8.7220974 -0.6465636 23.2274914 0.0245700 0.9949653 0.0149149 -0.0960102
323.314000 8.7128057 -0.6435741 23.1212025 0.0180000 0.9982187 0.0170052 -0.0542806
323.522000 8.7080460 -0.6417263 23.0458374 0.0205844 0.9989918 0.0187087 -0.0352359
323.729900 8.7062654 -0.6396077 22.9679565 0.0168179 0.9994951 0.0161536 -0.0215795
324.041500 8.7031460 -0.6364019 22.8429317 0.0211569 0.9996229 0.0143468 -0.0100271
324.352700 8.7022676 -0.6333821 22.7066803 0.0225134 0.9996570 0.0121689 -0.0055564
324.663800 8.7019253 -0.6297727 22.5604286 0.0283236 0.9995372 0.0107081 0.0029195
324.974600 8.7043161 -0.6271719 22.4038162 0.0282575 0.9994867 0.0092629 0.0119127
325.493000 8.7143593 -0.6226909 22.1184368 0.0339287 0.9991732 0.0115650 0.0191866
325.907700 8.7271137 -0.6172768 21.8701077 0.0255251 0.9992535 0.0160473 0.0241527
326.218600 8.7381649 -0.6132468 21.6761646 0.0240626 0.9993672 0.0112870 0.0236389
326.529700 8.7467699 -0.6106420 21.4792767 0.0257612 0.9993204 0.0120178 0.0234664
326.840600 8.7579422 -0.6073110 21.2771301 0.0231497 0.9993834 0.0120430 0.0234889
327.047800 8.7649565 -0.6057401 21.1418419 0.0265706 0.9992978 0.0094404 0.0246745
327.358800 8.7774363 -0.6043690 20.9368820 0.0256984 0.9992490 0.0105139 0.0270278
327.566000 8.7854357 -0.6034812 20.8038368 0.0237947 0.9992954 0.0109403 0.0268854
327.877100 8.7962284 -0.6013717 20.6024933 0.0283668 0.9991800 0.0120982 0.0262363
328.084300 8.8033390 -0.6002718 20.4692078 0.0279526 0.9991691 0.0153479 0.0253815
328.291700 8.8111601 -0.5986880 20.3363571 0.0251070 0.9993228 0.0114313 0.0243505
328.499000 8.8181820 -0.5969179 20.2024822 0.0234168 0.9993563 0.0137044 0.0234705
328.809800 8.8281784 -0.5935563 20.0016785 0.0229408 0.9994017 0.0122535 0.0227958
329.120700 8.8368540 -0.5905733 19.7991962 0.0255604 0.9992920 0.0163558 0.0222415
329.431700 8.8451700 -0.5854148 19.5943623 0.0307419 0.9991590 0.0158192 0.0220454
329.742700 8.8550491 -0.5809622 19.3849468 0.0335212 0.9990900 0.0146666 0.0219184
330.053500 8.8656197 -0.5775094 19.1729259 0.0334081 0.9991152 0.0123283 0.0223779
330.468000 8.8796930 -0.5719123 18.8869572 0.0333178 0.9990352 0.0188923 0.0214866
330.882500 8.8917694 -0.5652532 18.5969601 0.0348523 0.9990575 0.0156260 0.0206204
331.296800 8.9053373 -0.5607448 18.3053608 0.0358636 0.9990436 0.0118207 0.0220426
331.607700 8.9167604 -0.5590740 18.0876789 0.0335780 0.9990216 0.0153974 0.0243134
332.021900 8.9332485 -0.5566784 17.7996464 0.0316522 0.9991103 0.0088396 0.0264302
332.436200 8.9491043 -0.5516761 17.5126839 0.0319813 0.9990118 0.0151487 0.0268895
332.747200 8.9619169 -0.5481380 17.2989082 0.0321654 0.9990865 0.0126959 0.0251084
333.058400 8.9730463 -0.5472663 17.0877590 0.0295366 0.9992236 0.0091344 0.0244204
333.265300 8.9815235 -0.5451002 16.9463940 0.0249098 0.9992599 0.0177223 0.0233475
333.576200 8.9908810 -0.5409633 16.7380867 0.0279992 0.9992337 0.0160213 0.0221653
333.887100 8.9989100 -0.5393407 16.5331478 0.0333651 0.9991631 0.0081678 0.0222061
334.094500 9.0054493 -0.5374907 16.3948746 0.0320314 0.9990572 0.0187722 0.0225028
334.301700 9.0135908 -0.5324251 16.2601986 0.0284672 0.9990559 0.0238181 0.0225732
334.612500 9.0240545 -0.5281412 16.0622234 0.0263046 0.9992943 0.0149134 0.0222808
334.923600 9.0327625 -0.5268890 15.8650303 0.0273867 0.9994010 0.0086005 0.0193305
335.130900 9.0376768 -0.5256226 15.7340527 0.0269370 0.9993407 0.0161830 0.0181862
335.441800 9.0469170 -0.5215326 15.5427837 0.0201887 0.9993934 0.0210270 0.0190556
335.649100 9.0526056 -0.5192292 15.4206324 0.0203387 0.9995106 0.0124139 0.0202692
335.856400 9.0573587 -0.5185006 15.3018799 0.0241125 0.9994159 0.0095931 0.0222340
336.063600 9.0627880 -0.5175603 15.1855268 0.0269986 0.9992373 0.0147310 0.0240590
336.271000 9.0685034 -0.5165852 15.0752668 0.0288788 0.9992096 0.0104475 0.0252407
336.581900 9.0784187 -0.5166548 14.9175358 0.0258713 0.9992785 0.0083989 0.0265052
336.893100 9.0897655 -0.5166624 14.7684784 0.0195543 0.9993449 0.0115250 0.0281865
337.204000 9.0994816 -0.5153502 14.6302156 0.0187911 0.9991946 0.0158855 0.0316977
337.618700 9.1118650 -0.5143158 14.4676704 0.0179774 0.9990596 0.0159087 0.0361077
338.344600 9.1293726 -0.5095593 14.2326622 0.0063685 0.9998015 0.0140598 0.0125996
338.863900 9.1184549 -0.5076976 14.0958815 0.0119892 0.9980846 0.0143233 -0.0589764
339.487100 9.0692015 -0.5047783 13.9532585 0.0247067 0.9824425 0.0132824 -0.1844447
340.006000 8.9966736 -0.4999623 13.8471775 0.0298792 0.9505997 0.0183912 -0.3084302
340.317000 8.9355164 -0.4954576 13.7885637 0.0256360 0.9205954 0.0200981 -0.3891567
340.627800 8.8619881 -0.4914772 13.7381334 0.0203651 0.8842892 0.0159566 -0.4662223
340.835500 8.8059359 -0.4882632 13.7088480 -0.0180751 -0.8577877 -0.0166075 0.5134177
341.042200 8.7442074 -0.4853595 13.6857777 -0.0185521 -0.8314441 -0.0189957 0.5549736
341.249400 8.6773567 -0.4820442 13.6666994 -0.0197093 -0.8049914 -0.0201932 0.5926151
341.456500 8.6068621 -0.4793350 13.6513357 -0.0157504 -0.7818462 -0.0191296 0.6229788
341.663300 8.5311890 -0.4753152 13.6402760 -0.0163144 -0.7629459 -0.0137099 0.6461111
341.973600 8.4104528 -0.4703718 13.6281338 -0.0190694 -0.7421904 -0.0118027 0.6698137
342.283800 8.2775497 -0.4637769 13.6199875 -0.0238626 -0.7297591 -0.0102534 0.6832109
343.008300 7.9222169 -0.4501770 13.6102772 -0.0215242 -0.7149034 0.0020007 0.6988891
343.837100 7.4419889 -0.4320927 13.5994053 -0.0239892 -0.7148411 -0.0011619 0.6988744
347.153500 5.5400639 -0.3699526 13.5239038 -0.0364932 -0.7272065 -0.0034753 0.6854391
348.190000 5.0725160 -0.3519215 13.5016012 -0.0389974 -0.7240692 -0.0071667 0.6885868
359.069500 2.3219254 -0.2614125 15.0816240 -0.0125250 -0.7224280 -0.0172557 0.6911173
360.209900 1.5076765 -0.2304968 15.0318899 -0.0117422 -0.7266624 -0.0182082 0.6866530
363.215400 -0.5951701 -0.1597908 14.8756399 -0.0028053 -0.7329364 -0.0329685 0.6794920
364.770500 -1.1982958 -0.1388219 14.8429842 -0.0038247 -0.7072300 -0.0326075 0.7062208
369.639400 -1.8393803 -0.1397064 16.0127316 0.0044659 -0.0101273 -0.0032119 0.9999336
371.503800 -1.8970419 -0.1563750 17.4822636 0.0003258 -0.0209412 -0.0013370 0.9997798
375.857700 -2.1013331 -0.2275282 21.5680847 -0.0005700 -0.0218148 -0.0147097 0.9996536
376.997600 -2.1475847 -0.2431523 22.5950584 -0.0009686 -0.0256907 0.0000892 0.9996694
377.723300 -2.1799836 -0.2510076 23.1843300 -0.0002205 -0.0270634 0.0020681 0.9996315
378.552600 -2.2092307 -0.2607521 23.7886963 -0.0013326 -0.0182527 0.0025132 0.9998294
379.382000 -2.2227292 -0.2690696 24.2839584 -0.0012850 -0.0104398 0.0019733 0.9999427
380.210500 -2.2407212 -0.2769623 24.6508102 0.0007066 -0.0369045 -0.0051466 0.9993053
381.036500 -2.3278151 -0.2787384 24.9275169 -0.0129289 -0.2230497 -0.0056515 0.9747049
381.863300 -2.5510423 -0.2665814 25.1107159 -0.0295546 -0.5010772 -0.0110784 0.8648269
382.693100 -2.8746934 -0.2558744 25.1438541 -0.0272589 -0.7239966 -0.0054265 0.6892434
384.046600 -3.5612626 -0.2298506 25.0294647 -0.0184487 -0.7596473 -0.0063592 0.6500425
385.187800 -4.3510561 -0.2024940 24.9450912 -0.0145918 -0.7300707 -0.0209991 0.6828930
391.199200 -8.9951916 -0.0310972 24.6876163 -0.0033403 -0.7458192 -0.0175441 0.6659090
393.480100 -10.8542261 0.0419216 24.5654469 -0.0036127 -0.7099428 -0.0268336 0.7037387
394.412100 -11.6997290 0.0664559 24.5585537 -0.0147130 -0.7167569 -0.0159557 0.6969853
397.003300 -13.9320889 0.1464095 24.4128399 -0.0135363 -0.7339976 -0.0241411 0.6785878
397.521500 -14.3573685 0.1623763 24.3782597 -0.0124576 -0.7342891 -0.0175961 0.6784945
398.247200 -14.9491415 0.1827094 24.3297520 -0.0058972 -0.7294877 -0.0256032 0.6834891
398.868900 -15.4601955 0.1991298 24.3055496 -0.0139493 -0.7209411 -0.0155752 0.6926808
399.490700 -15.9719248 0.2170849 24.2875500 -0.0150056 -0.7166266 -0.0208886 0.6969827
400.009000 -16.4102669 0.2351343 24.2784481 -0.0095873 -0.7088224 -0.0263530 0.7048294
400.630800 -16.9446106 0.2568704 24.2768269 -0.0126803 -0.7041988 -0.0279147 0.7093406
401.045300 -17.3004303 0.2719560 24.2806129 -0.0133316 -0.7023150 -0.0255920 0.7112812
401.460100 -17.6532173 0.2851468 24.2873764 -0.0136821 -0.6979328 -0.0247681 0.7156040
401.874700 -17.9941788 0.2993005 24.2978153 -0.0127268 -0.6895903 -0.0285740 0.7235239
402.185800 -18.2408638 0.3088780 24.3131485 -0.0130829 -0.6830891 -0.0268170 0.7297253
402.600300 -18.5542622 0.3213938 24.3367138 -0.0184773 -0.6789552 -0.0252157 0.7335139
403.118400 -18.9154186 0.3349787 24.3651161 -0.0163782 -0.6735355 -0.0255105 0.7385330
403.533300 -19.1734104 0.3456863 24.3927097 -0.0148600 -0.6609102 -0.0296418 0.7497321
403.948200 -19.3965530 0.3529380 24.4312096 -0.0098055 -0.6381106 -0.0190076 0.7696475
404.466600 -19.6379681 0.3594362 24.4918346 -0.0251471 -0.6142412 -0.0109427 0.7886417
404.777300 -19.7651539 0.3641794 24.5253983 -0.0271247 -0.6120880 -0.0067239 0.7902957
405.088000 -19.8826408 0.3677156 24.5538197 -0.0290662 -0.6183786 -0.0075605 0.7853062
405.398800 -19.9866982 0.3719327 24.5752258 -0.0284620 -0.6301446 -0.0064548 0.7759292
405.709300 -20.0849628 0.3752773 24.5891304 -0.0280733 -0.6519138 -0.0051538 0.7577558
406.123700 -20.2134800 0.3799817 24.5957851 -0.0261085 -0.6831111 -0.0095741 0.7297848
406.538400 -20.3395615 0.3847162 24.5930691 -0.0212449 -0.7059427 -0.0129353 0.7078320
406.953500 -20.4735489 0.3899083 24.5888100 -0.0164262 -0.7102785 -0.0183710 0.7034892
407.368500 -20.6105747 0.3944260 24.5875587 -0.0118458 -0.7035122 -0.0230886 0.7102093
407.783200 -20.7464237 0.3997430 24.5922813 -0.0099839 -0.6877893 -0.0263655 0.7253627
408.197900 -20.8802967 0.4043888 24.6038609 -0.0102655 -0.6709201 -0.0305181 0.7408302
408.716000 -21.0251617 0.4098721 24.6232834 -0.0056199 -0.6539770 -0.0274464 0.7559956
409.233500 -21.1532440 0.4136707 24.6442032 -0.0100201 -0.6572182 -0.0202858 0.7533606
409.750600 -21.2780514 0.4176040 24.6485081 -0.0075031 -0.6992488 -0.0185560 0.7145981
410.267500 -21.4161835 0.4229430 24.6242809 -0.0096745 -0.7649772 -0.0209835 0.6436428
410.681100 -21.5377960 0.4309872 24.5761642 -0.0097254 -0.8256567 -0.0187788 0.5637764
411.095000 -21.6636276 0.4385088 24.4932041 0.0145536 0.8850037 0.0116490 -0.4652107
411.509100 -21.7834492 0.4444027 24.3643379 0.0201512 0.9360336 0.0124138 -0.3511138
411.923800 -21.8849163 0.4512085 24.1890697 0.0234457 0.9701794 0.0140320 -0.2408432
412.339100 -21.9705524 0.4592026 23.9629631 0.0253162 0.9867002 0.0164970 -0.1597175
412.546700 -22.0005283 0.4633574 23.8430023 0.0290978 0.9910910 0.0120939 -0.1294051
412.961800 -22.0546360 0.4704047 23.5675564 0.0380834 0.9962369 0.0098318 -0.0772340
413.169300 -22.0725746 0.4735710 23.4164600 0.0384681 0.9975532 0.0108071 -0.0573671
413.584700 -22.1008015 0.4797359 23.0911732 0.0309164 0.9984884 0.0081926 -0.0446987
413.792400 -22.1158676 0.4829086 22.9177380 0.0324455 0.9984757 0.0090785 -0.0437177
414.103400 -22.1385098 0.4876701 22.6436653 0.0323930 0.9985399 0.0109088 -0.0418301
414.310700 -22.1517353 0.4930400 22.4556942 0.0293446 0.9986665 0.0125654 -0.0405739
414.725000 -22.1802025 0.5001985 22.0645447 0.0300042 0.9988438 0.0110699 -0.0358930
414.932100 -22.1929379 0.5038342 21.8631344 0.0308617 0.9988942 0.0130674 -0.0329742
415.139400 -22.2060165 0.5087275 21.6588020 0.0326341 0.9988579 0.0189565 -0.0293022
415.346600 -22.2168217 0.5146111 21.4521942 0.0338415 0.9989441 0.0172028 -0.0258736
415.553800 -22.2253418 0.5175579 21.2478218 0.0304464 0.9992355 0.0049274 -0.0240252
415.864800 -22.2365398 0.5188233 20.9396935 0.0276719 0.9993144 0.0158969 -0.0187712
416.175600 -22.2408390 0.5253002 20.6341839 0.0270171 0.9994451 0.0158037 -0.0113892
416.382900 -22.2425880 0.5301161 20.4313831 0.0273284 0.9994801 0.0160653 -0.0058722
416.693600 -22.2425060 0.5359684 20.1267147 0.0292250 0.9994121 0.0177009 0.0028580
416.900800 -22.2406940 0.5410458 19.9265938 0.0317460 0.9993129 0.0170165 0.0087393
417.108100 -22.2348022 0.5447802 19.7253704 0.0320335 0.9992434 0.0171355 0.0138857
417.315300 -22.2272873 0.5489575 19.5261154 0.0346352 0.9991198 0.0149304 0.0183592
417.522500 -22.2188129 0.5524836 19.3282051 0.0367665 0.9989268 0.0157390 0.0233607
417.729800 -22.2099133 0.5560747 19.1330643 0.0393318 0.9987116 0.0146602 0.0285162
417.937100 -22.1971207 0.5583339 18.9358234 0.0410534 0.9984788 0.0168487 0.0327242
418.247900 -22.1762791 0.5622724 18.6420193 0.0398693 0.9983631 0.0145660 0.0383318
418.455200 -22.1595840 0.5645233 18.4459019 0.0399267 0.9982491 0.0144965 0.0411637
418.662400 -22.1418934 0.5671866 18.2477665 0.0412391 0.9980672 0.0135455 0.0444713
418.869600 -22.1228771 0.5704819 18.0495243 0.0408024 0.9979234 0.0128612 0.0481510
419.076900 -22.1021519 0.5718845 17.8510017 0.0403353 0.9977519 0.0132792 0.0518448
419.284100 -22.0785236 0.5747303 17.6491776 0.0403542 0.9975852 0.0129768 0.0550182
419.491300 -22.0539417 0.5759208 17.4464207 0.0414175 0.9973466 0.0137292 0.0582747
419.698600 -22.0271587 0.5782101 17.2412949 0.0402658 0.9971809 0.0142783 0.0616839
419.905700 -21.9992599 0.5804965 17.0326939 0.0384803 0.9970295 0.0140274 0.0652268
420.112900 -21.9688969 0.5822895 16.8244839 0.0356940 0.9969406 0.0124645 0.0684106
420.320100 -21.9373417 0.5839952 16.6180210 0.0327442 0.9967764 0.0129633 0.0720872
420.527400 -21.9033413 0.5863117 16.4039726 0.0323438 0.9965001 0.0132733 0.0759284
420.734500 -21.8694801 0.5881885 16.1917286 0.0331658 0.9961206 0.0125872 0.0805317
420.941700 -21.8314400 0.5905246 15.9782858 0.0323432 0.9957498 0.0144358 0.0850170
421.148800 -21.7927303 0.5927938 15.7615042 0.0311860 0.9952446 0.0161453 0.0908566
421.356000 -21.7509937 0.5955705 15.5472765 0.0305381 0.9947649 0.0144328 0.0964464
421.563200 -21.7064629 0.5974627 15.3293629 0.0310241 0.9942130 0.0130323 0.1020209
421.770400 -21.6592808 0.6011691 15.1127825 0.0299236 0.9936662 0.0143646 0.1073581
421.977700 -21.6119270 0.6040340 14.9025946 0.0280098 0.9931144 0.0165755 0.1125368
422.288600 -21.5375118 0.6072596 14.5950165 0.0314830 0.9921231 0.0153822 0.1202659
422.703100 -21.4304810 0.6103324 14.1842403 0.0345893 0.9905291 0.0183931 0.1315955
423.013900 -21.3456326 0.6143330 13.8835993 0.0366232 0.9897172 0.0156651 0.1373799
423.428300 -21.2281246 0.6161987 13.4811258 0.0370956 0.9886341 0.0172943 0.1446632
423.635700 -21.1664753 0.6185443 13.2814703 0.0371922 0.9881151 0.0171835 0.1481555
423.946500 -21.0713196 0.6212409 12.9823599 0.0389264 0.9870865 0.0152429 0.1546368
424.153800 -21.0060101 0.6222637 12.7822084 0.0406667 0.9861805 0.0143059 0.1599673
424.464700 -20.9031410 0.6236889 12.4842710 0.0419810 0.9848157 0.0198630 0.1672758
424.671900 -20.8322029 0.6265032 12.2865782 0.0438588 0.9840538 0.0190826 0.1713194
424.982800 -20.7251835 0.6273334 11.9914942 0.0426485 0.9832369 0.0150474 0.1766350
425.293500 -20.6129456 0.6284541 11.6973782 0.0399626 0.9826612 0.0168433 0.1802672
425.604500 -20.4994602 0.6279318 11.4069662 0.0400931 0.9820331 0.0159970 0.1837053
425.915400 -20.3837585 0.6314073 11.1158047 0.0402640 0.9812671 0.0179451 0.1875411
426.226200 -20.2663860 0.6337308 10.8278856 0.0393836 0.9802952 0.0148929 0.1929983
426.433300 -20.1878433 0.6335524 10.6401415 0.0400942 0.9794903 0.0172645 0.1967057
426.640400 -20.1074581 0.6344525 10.4501123 0.0388038 0.9786209 0.0178394 0.2011893
426.847600 -20.0265293 0.6351971 10.2655973 0.0347084 0.9780149 0.0151240 0.2050695
427.158600 -19.9003048 0.6388988 9.9890280 0.0343222 0.9766175 0.0146996 0.2117170
427.469500 -19.7734852 0.6387237 9.7174435 0.0328869 0.9747962 0.0179075 0.2199321
427.676900 -19.6846867 0.6406189 9.5365009 0.0329083 0.9737415 0.0166011 0.2246531
427.884000 -19.5956154 0.6415960 9.3560152 0.0335109 0.9726238 0.0161284 0.2293900
428.091400 -19.5040398 0.6414105 9.1780968 0.0315188 0.9717889 0.0153401 0.2332330
428.298600 -19.4129696 0.6424143 9.0001297 0.0312717 0.9707515 0.0173799 0.2374061
428.505900 -19.3192997 0.6433488 8.8217058 0.0341336 0.9696044 0.0185394 0.2415751
428.713100 -19.2238026 0.6447678 8.6406851 0.0371122 0.9683839 0.0199239 0.2458827
428.920200 -19.1270599 0.6448507 8.4592657 0.0395827 0.9671524 0.0205650 0.2502529
429.127400 -19.0288277 0.6463453 8.2839756 0.0397786 0.9660929 0.0180334 0.2544739
429.334700 -18.9282455 0.6469223 8.1094198 0.0376876 0.9651186 0.0189118 0.2583951
429.541900 -18.8246078 0.6473859 7.9345994 0.0356467 0.9642653 0.0165092 0.2620097
429.852600 -18.6706715 0.6466483 7.6741505 0.0392938 0.9624503 0.0146111 0.2682013
430.059900 -18.5642071 0.6463689 7.4999204 0.0426990 0.9609153 0.0165265 0.2730300
430.370700 -18.3994122 0.6457139 7.2392859 0.0434825 0.9590816 0.0146914 0.2793848
430.578100 -18.2868347 0.6448990 7.0666618 0.0425104 0.9577550 0.0174394 0.2838911
430.785400 -18.1729355 0.6456515 6.8958912 0.0398524 0.9566508 0.0150807 0.2881034
430.992800 -18.0591488 0.6442522 6.7301760 0.0365501 0.9556853 0.0142539 0.2917645
431.200000 -17.9428349 0.6433580 6.5611086 0.0354519 0.9544985 0.0145831 0.2957418
431.407400 -17.8271885 0.6409606 6.3953218 0.0341478 0.9532937 0.0158990 0.2996868
431.614600 -17.7125187 0.6403298 6.2334967 0.0315928 0.9522402 0.0150977 0.3033355
431.821800 -17.5953178 0.6393315 6.0717149 0.0311537 0.9511479 0.0158250 0.3067521
432.029000 -17.4771576 0.6382725 5.9101806 0.0326994 0.9499500 0.0111999 0.3104838
432.236300 -17.3550205 0.6357536 5.7472243 0.0312005 0.9489784 0.0121127 0.3135600
461.771100 -0.1060085 -0.0038273 0.0665987 0.0045823 0.0228936 0.0096434 0.9996809
462.497500 -0.1184862 -0.0069047 0.3772367 0.0030731 -0.0224764 0.0026963 0.9997390
463.327000 -0.1403461 -0.0121272 0.7923168 0.0031078 -0.0253877 0.0000989 0.9996728
465.503700 -0.2470943 -0.0236301 2.0709038 -0.0022485 -0.0432746 -0.0001637 0.9990607
466.539700 -0.3005258 -0.0280844 2.7221117 0.0020311 -0.0354775 -0.0061572 0.9993494
467.783200 -0.3601637 -0.0355956 3.5371838 0.0023655 -0.0333963 -0.0044953 0.9994293
468.715900 -0.4061083 -0.0439640 4.1556911 0.0046781 -0.0337348 -0.0043819 0.9994103
469.545100 -0.4432172 -0.0518545 4.6982112 -0.0032232 -0.0316204 -0.0039490 0.9994869
470.270600 -0.4717869 -0.0569991 5.1368761 -0.0046087 -0.0287706 0.0025499 0.9995722
