0.622688 0.0000000 0.0000000 0.0000000 0.0000000 0.0000000 0.0000000 1.0000000
1.452734 0.0209465 -0.0020565 0.1110750 0.0043459 0.1857863 0.0068012 0.9825570
2.074937 0.0642426 -0.0037037 0.1831499 0.0084731 0.3204212 0.0112861 0.9471701
2.593387 0.1168908 -0.0081745 0.2368287 0.0132053 0.4239762 0.0170012 0.9054174
3.215334 0.1968010 -0.0225506 0.2904356 0.0057097 0.5181381 0.0103039 0.8552158
3.526551 0.2243066 -0.0294829 0.2839629 0.0012773 0.5530164 0.0132826 0.8330635
4.252293 0.2446547 -0.0310306 0.2866617 0.0063949 0.6232585 0.0507436 0.7803416
5.185269 0.2767090 -0.0281334 0.2883049 0.0129620 0.6524794 0.0464197 0.7562723
7.155209 0.3238849 -0.0312739 0.2956397 0.0027958 0.6597431 0.0513260 0.7497312
7.777286 0.3412964 -0.0308847 0.2982341 0.0023386 0.6602029 0.0528583 0.7492214
8.192118 0.3527312 -0.0303149 0.2998211 0.0032062 0.6617548 0.0519929 0.7479085
8.606978 0.3643837 -0.0298251 0.3015842 0.0012843 0.6642604 0.0522081 0.7456747
9.021867 0.3763922 -0.0292247 0.3031944 -0.0011599 0.6715379 0.0513926 0.7391849
9.540126 0.3922596 -0.0281615 0.3050472 -0.0031054 0.6840907 0.0459178 0.7279436
